0.9694  68.47826087
0.9752  97.56637168
0.9810  97.56637168
0.9868  97.56637168
0.9927  97.56637168
0.9985  97.56637168
1.0043  97.56637168
1.0101  97.56637168
1.0159 101.14678899
1.0217 101.14678899
1.0275 101.14678899
1.0333 101.14678899
1.0391 101.14678899
1.0449 101.14678899
1.0507 103.03738318
1.0565 103.03738318
1.0623 103.03738318
1.0681 104.00943396
1.0739 104.00943396
1.0797 105.00000000
1.0855 105.00000000
1.0913 105.00000000
1.0971 108.08823529
1.1029 108.08823529
1.1088 109.15841584
1.1146 109.15841584
1.1204 112.50000000
1.1262 117.28723404
1.1320 117.28723404
1.1378 119.83695652
1.1436 119.83695652
1.1494 122.50000000
1.1552 126.72413793
1.1610 126.72413793
1.1668 126.72413793
1.1726 126.72413793
1.1784 129.70588235
1.1842 129.70588235
1.1900 136.11111111
1.1958 139.55696203
1.2016 139.55696203
1.2074 147.00000000
1.2132 147.00000000
1.2190 153.12500000
1.2249 153.12500000
1.2307 157.50000000
1.2365 162.13235294
1.2423 162.13235294
1.2481 167.04545455
1.2539 167.04545455
1.2597 169.61538462
1.2655 172.26562500
1.2713 172.26562500
1.2771 172.26562500
1.2829 172.26562500
1.2887 172.26562500
1.2945 172.26562500
1.3003 172.26562500
1.3061 172.26562500
1.3119 172.26562500
1.3177 172.26562500
1.3235 172.26562500
1.3293 172.26562500
1.3351 169.61538462
1.3410 169.61538462
1.3468 169.61538462
1.3526 169.61538462
1.3584 167.04545455
1.3642 167.04545455
1.3700 167.04545455
1.3758 167.04545455
1.3816 167.04545455
1.3874 167.04545455
1.3932 167.04545455
1.3990 169.61538462
1.4048 169.61538462
1.4106 169.61538462
1.4164 172.26562500
1.4222 172.26562500
1.4280 172.26562500
1.4338 172.26562500
1.4396 172.26562500
1.4454 172.26562500
1.4512 172.26562500
1.4571 172.26562500
1.5441 183.75000000
1.5499 193.42105263
1.5557 193.42105263
1.5615 193.42105263
1.5673 193.42105263
1.5732 193.42105263
1.5790 193.42105263
1.5848 193.42105263
1.5906 193.42105263
1.5964 193.42105263
1.6022 193.42105263
1.6080 193.42105263
1.6138 193.42105263
1.6196 193.42105263
1.6254 193.42105263
1.6312 193.42105263
1.6370 193.42105263
1.6428 193.42105263
1.6486 193.42105263
1.6544 193.42105263
1.6602 193.42105263
1.6660 193.42105263
1.6718 193.42105263
1.6776 193.42105263
1.6834 193.42105263
1.6893 196.87500000
1.6951 200.45454545
1.7009 200.45454545
1.7067 204.16666667
1.7125 204.16666667
1.7183 204.16666667
1.7241 204.16666667
1.7299 204.16666667
1.7357 204.16666667
1.7415 204.16666667
1.7473 200.45454545
1.7531 200.45454545
1.7589 200.45454545
1.7647 200.45454545
1.7705 200.45454545
1.7763 200.45454545
1.7821 200.45454545
1.7879 196.87500000
1.7937 196.87500000
1.7995 196.87500000
1.8054 196.87500000
1.8112 196.87500000
1.8170 193.42105263
1.8228 193.42105263
1.8286 193.42105263
1.8344 193.42105263
1.8402 193.42105263
1.8460 193.42105263
1.8518 193.42105263
1.8576 193.42105263
1.8634 193.42105263
1.8692 193.42105263
1.8750 193.42105263
1.8808 193.42105263
1.8866 193.42105263
1.8924 193.42105263
1.8982 193.42105263
1.9040 193.42105263
1.9098 193.42105263
1.9156 196.87500000
1.9215 196.87500000
1.9273 196.87500000
1.9331 196.87500000
1.9389 196.87500000
1.9447 196.87500000
1.9505 196.87500000
1.9563 196.87500000
1.9621 196.87500000
1.9679 196.87500000
2.0317 190.08620690
2.0376 193.42105263
2.0434 193.42105263
2.0492 193.42105263
2.0550 193.42105263
2.0608 196.87500000
2.0666 196.87500000
2.0724 196.87500000
2.0782 196.87500000
2.0840 196.87500000
2.0898 196.87500000
2.0956 196.87500000
2.1014 196.87500000
2.1072 196.87500000
2.1130 196.87500000
2.1188 196.87500000
2.1246 196.87500000
2.1304 196.87500000
2.1362 193.42105263
2.1420 193.42105263
2.1478 193.42105263
2.1537 193.42105263
2.1595 186.86440678
2.1653 183.75000000
2.1711 183.75000000
2.1769 183.75000000
2.1827 183.75000000
2.1885 183.75000000
2.1943 183.75000000
2.2001 183.75000000
2.2059 186.86440678
2.2117 186.86440678
2.2175 190.08620690
2.2233 190.08620690
2.2291 193.42105263
2.2349 193.42105263
2.2407 204.16666667
2.2465 208.01886792
2.2523 208.01886792
2.2581 212.01923077
2.2639 212.01923077
2.2698 212.01923077
2.2756 212.01923077
2.2814 212.01923077
2.2872 212.01923077
2.2930 212.01923077
2.2988 212.01923077
2.3046 212.01923077
2.3104 212.01923077
2.3162 216.17647059
2.3220 216.17647059
2.3278 216.17647059
2.3336 216.17647059
2.3394 216.17647059
2.3452 220.50000000
2.3510 220.50000000
2.3568 225.00000000
2.3626 225.00000000
2.3684 229.68750000
2.3742 229.68750000
2.3800 234.57446809
2.3859 239.67391304
2.3917 239.67391304
2.3975 239.67391304
2.4033 239.67391304
2.4091 245.00000000
2.4149 245.00000000
2.4207 245.00000000
2.4265 245.00000000
2.4323 245.00000000
2.4381 245.00000000
2.4439 245.00000000
2.4497 239.67391304
2.4555 239.67391304
2.4613 239.67391304
2.4671 239.67391304
2.4729 239.67391304
2.4787 239.67391304
2.4845 239.67391304
2.4903 245.00000000
2.4961 245.00000000
2.5020 245.00000000
2.5078 245.00000000
2.5136 245.00000000
2.5194 245.00000000
2.5252 245.00000000
2.5310 245.00000000
2.5368 245.00000000
2.5426 245.00000000
2.5484 245.00000000
2.5542 245.00000000
2.5600 245.00000000
2.5658 245.00000000
2.5716 245.00000000
2.5774 245.00000000
2.5832 245.00000000
2.5890 245.00000000
2.5948 245.00000000
2.6006 245.00000000
2.6064 239.67391304
2.6122 239.67391304
2.6180 239.67391304
2.6239 239.67391304
2.6297 239.67391304
2.6355 239.67391304
2.6413 239.67391304
2.6471 239.67391304
2.6529 239.67391304
2.6587 239.67391304
2.6645 239.67391304
2.6703 239.67391304
2.6761 239.67391304
2.6819 239.67391304
2.6877 239.67391304
2.6935 239.67391304
2.6993 239.67391304
2.7051 239.67391304
2.7109 239.67391304
2.7167 239.67391304
2.7225 239.67391304
2.7283 239.67391304
2.7341 239.67391304
2.7400 239.67391304
2.7458 239.67391304
2.7516 239.67391304
2.7574 239.67391304
2.7632 239.67391304
2.7690 234.57446809
2.8386 212.01923077
2.8444 212.01923077
2.8502 212.01923077
2.8561 212.01923077
2.8619 212.01923077
2.8677 212.01923077
2.8735 212.01923077
2.8793 220.50000000
2.8851 220.50000000
2.8909 220.50000000
2.8967 225.00000000
2.9025 225.00000000
2.9083 225.00000000
2.9141 225.00000000
2.9199 229.68750000
2.9257 229.68750000
2.9315 229.68750000
2.9373 234.57446809
2.9431 234.57446809
2.9489 234.57446809
2.9547 234.57446809
2.9605 234.57446809
2.9663 234.57446809
2.9722 234.57446809
2.9780 239.67391304
2.9838 239.67391304
2.9896 239.67391304
2.9954 239.67391304
3.0012 239.67391304
3.0070 239.67391304
3.0128 239.67391304
3.0186 239.67391304
3.0244 239.67391304
3.0302 239.67391304
3.0360 239.67391304
3.0418 239.67391304
3.0476 239.67391304
3.0534 239.67391304
3.0592 239.67391304
3.0650 239.67391304
3.0708 239.67391304
3.0766 239.67391304
3.0824 239.67391304
3.0883 239.67391304
3.0941 239.67391304
3.0999 239.67391304
3.1057 239.67391304
3.1115 239.67391304
3.1173 239.67391304
3.1231 239.67391304
3.1289 239.67391304
3.1347 239.67391304
3.1405 239.67391304
3.1463 239.67391304
3.1521 239.67391304
3.1579 239.67391304
3.1637 239.67391304
3.1695 239.67391304
3.1753 239.67391304
3.1811 239.67391304
3.1869 239.67391304
3.1927 239.67391304
3.1985 239.67391304
3.2044 239.67391304
3.2102 239.67391304
3.2160 234.57446809
3.2218 234.57446809
3.2276 234.57446809
3.2334 234.57446809
3.2392 234.57446809
3.2450 234.57446809
3.2508 234.57446809
3.2566 234.57446809
3.2624 234.57446809
3.2682 234.57446809
3.2740 234.57446809
3.2856 229.68750000
3.2914 229.68750000
3.2972 225.00000000
3.3030 225.00000000
3.3088 225.00000000
3.3146 225.00000000
3.3205 220.50000000
3.3263 216.17647059
3.3321 216.17647059
3.3379 216.17647059
3.3437 216.17647059
3.3495 216.17647059
3.3553 216.17647059
3.3611 216.17647059
3.3669 216.17647059
3.3727 216.17647059
3.3843 216.17647059
3.3901 216.17647059
3.3959 220.50000000
3.4017 220.50000000
3.4075 220.50000000
3.4133 220.50000000
3.4191 225.00000000
3.4249 225.00000000
3.4307 229.68750000
3.4366 229.68750000
3.4424 229.68750000
3.4482 234.57446809
3.4540 234.57446809
3.4598 234.57446809
3.4656 234.57446809
3.4714 234.57446809
3.4772 234.57446809
3.4830 234.57446809
3.4888 234.57446809
3.4946 234.57446809
3.5004 234.57446809
3.5062 229.68750000
3.5120 229.68750000
3.5178 229.68750000
3.5236 229.68750000
3.5294 225.00000000
3.5352 225.00000000
3.5410 225.00000000
3.5468 225.00000000
3.5527 225.00000000
3.5585 220.50000000
3.5643 220.50000000
3.5701 220.50000000
3.5759 220.50000000
3.5817 220.50000000
3.5875 220.50000000
3.5933 220.50000000
3.5991 220.50000000
3.6049 220.50000000
3.6107 216.17647059
3.6165 216.17647059
3.6223 216.17647059
3.6281 216.17647059
3.6339 216.17647059
3.6397 216.17647059
3.6455 212.01923077
3.6513 212.01923077
3.6571 208.01886792
3.6629 208.01886792
3.6688 200.45454545
3.6746 200.45454545
3.6804 190.08620690
3.6862 183.75000000
3.6920 183.75000000
3.6978 183.75000000
3.7036 183.75000000
3.7094 183.75000000
3.7152 183.75000000
3.7210 183.75000000
3.7268 183.75000000
3.7326 183.75000000
3.7384 186.86440678
3.7442 186.86440678
3.7500 190.08620690
3.7558 190.08620690
3.7616 190.08620690
3.7674 190.08620690
3.7732 190.08620690
3.7790 190.08620690
3.7849 190.08620690
3.7907 190.08620690
3.7965 190.08620690
3.8023 190.08620690
3.8081 190.08620690
3.8139 190.08620690
3.8197 190.08620690
3.8255 186.86440678
3.8313 186.86440678
3.8371 186.86440678
3.8429 186.86440678
3.8487 186.86440678
3.8545 186.86440678
3.8603 183.75000000
3.8661 183.75000000
3.8719 183.75000000
3.8777 183.75000000
3.8835 183.75000000
3.8893 183.75000000
3.8951 186.86440678
3.9010 186.86440678
3.9068 186.86440678
3.9126 186.86440678
3.9184 190.08620690
3.9242 190.08620690
3.9300 190.08620690
3.9358 193.42105263
3.9416 193.42105263
3.9474 193.42105263
3.9532 193.42105263
3.9590 193.42105263
3.9648 193.42105263
3.9706 193.42105263
3.9764 193.42105263
3.9822 193.42105263
3.9880 193.42105263
3.9938 193.42105263
3.9996 193.42105263
4.0054 193.42105263
4.0112 193.42105263
4.0171 193.42105263
4.0229 193.42105263
4.0287 190.08620690
4.0345 190.08620690
4.0403 190.08620690
4.0461 190.08620690
4.0519 190.08620690
4.0577 190.08620690
4.0635 190.08620690
4.0693 190.08620690
4.0751 190.08620690
4.0809 190.08620690
4.0867 190.08620690
4.0925 190.08620690
4.0983 190.08620690
4.1041 190.08620690
4.1099 190.08620690
4.1157 190.08620690
4.1215 190.08620690
4.1273 190.08620690
4.1332 190.08620690
4.1390 190.08620690
4.1448 190.08620690
4.1506 190.08620690
4.1564 190.08620690
4.1622 190.08620690
4.1680 193.42105263
4.1738 193.42105263
4.1796 196.87500000
4.1854 196.87500000
4.1912 196.87500000
4.1970 196.87500000
4.2028 196.87500000
4.2086 196.87500000
4.2144 196.87500000
4.2202 196.87500000
4.2260 196.87500000
4.2318 196.87500000
4.2376 196.87500000
4.2434 196.87500000
4.2493 196.87500000
4.2551 193.42105263
4.2609 193.42105263
4.2667 190.08620690
4.9517   0.00000000
4.9575   0.00000000
4.9633   0.00000000
4.9691 147.00000000
4.9749 147.00000000
4.9807 147.00000000
4.9865 147.00000000
4.9923 147.00000000
4.9981 147.00000000
5.0039 147.00000000
5.0097 147.00000000
5.0155 148.98648649
5.0213 148.98648649
5.0271 153.12500000
5.0329 153.12500000
5.0387 157.50000000
5.0445 157.50000000
5.0503 159.78260870
5.0561 164.55223881
5.0620 164.55223881
5.0678 169.61538462
5.0736 169.61538462
5.0794 172.26562500
5.0852 177.82258065
5.0910 177.82258065
5.0968 177.82258065
5.1026 177.82258065
5.1084 180.73770492
5.1142 180.73770492
5.1200 183.75000000
5.1258 183.75000000
5.1316 183.75000000
5.1374 186.86440678
5.1432 186.86440678
5.1490 190.08620690
5.1548 190.08620690
5.1606 190.08620690
5.1664 193.42105263
5.1722 193.42105263
5.1780 193.42105263
5.1839 193.42105263
5.1897 193.42105263
5.1955 193.42105263
5.2013 193.42105263
5.2071 193.42105263
5.2129 193.42105263
5.2187 193.42105263
5.2245 193.42105263
5.2303 193.42105263
5.2361 193.42105263
5.2419 193.42105263
5.2477 193.42105263
5.2535 193.42105263
5.2593 193.42105263
5.2651 193.42105263
5.2709 193.42105263
5.2767 190.08620690
5.2825 190.08620690
5.2883 190.08620690
5.2941 190.08620690
5.3000 190.08620690
5.3058 190.08620690
5.3116 190.08620690
5.3174 190.08620690
5.3232 190.08620690
5.3290 193.42105263
5.3348 193.42105263
5.3406 193.42105263
5.3464 193.42105263
5.3522 193.42105263
5.3580 190.08620690
5.3638 190.08620690
5.5147   0.00000000
5.5205   0.00000000
5.5263 193.42105263
5.5322 193.42105263
5.5380 193.42105263
5.5438 193.42105263
5.5496 193.42105263
5.5554 190.08620690
5.5612 190.08620690
5.5670 190.08620690
5.5728 190.08620690
5.5786 190.08620690
5.5844 190.08620690
5.5902 186.86440678
5.5960 186.86440678
5.6018 186.86440678
5.6076 186.86440678
5.6134 186.86440678
5.6192 183.75000000
5.6250 183.75000000
5.6308 183.75000000
5.6366 183.75000000
5.6424 183.75000000
5.6483 183.75000000
5.6541 183.75000000
5.6599 183.75000000
5.6657 183.75000000
5.6715 183.75000000
5.6773 183.75000000
5.6831 183.75000000
5.6889 186.86440678
5.6947 186.86440678
5.7005 190.08620690
5.7063 190.08620690
5.7121 190.08620690
5.7179 190.08620690
5.7237 190.08620690
5.7295 190.08620690
5.7353 190.08620690
5.7411 190.08620690
5.7469 190.08620690
5.7527 190.08620690
5.7585 190.08620690
5.7644 190.08620690
5.7702 193.42105263
5.7760 193.42105263
5.7818 193.42105263
5.7876 193.42105263
5.7934 193.42105263
5.7992 193.42105263
5.8050 193.42105263
5.8108 193.42105263
5.8166 193.42105263
5.8224 193.42105263
5.8282 193.42105263
5.8340 193.42105263
5.8398 193.42105263
5.8456 196.87500000
5.8514 196.87500000
5.8572 196.87500000
5.8630 196.87500000
5.8688 196.87500000
5.8746 196.87500000
5.8805 196.87500000
5.8863 196.87500000
5.8921 196.87500000
5.8979 196.87500000
5.9037 196.87500000
5.9095 196.87500000
5.9153 193.42105263
5.9211 193.42105263
5.9269 193.42105263
5.9327 193.42105263
5.9385 193.42105263
5.9443 193.42105263
5.9501 193.42105263
5.9559 193.42105263
5.9617 193.42105263
5.9675 193.42105263
5.9733 193.42105263
5.9791 193.42105263
5.9849 193.42105263
5.9907 190.08620690
5.9966 190.08620690
6.0024 190.08620690
6.0082 190.08620690
6.0140 190.08620690
6.0198 190.08620690
6.0256 190.08620690
6.0314 190.08620690
6.0372 190.08620690
6.0430 190.08620690
6.0488 190.08620690
6.0546 190.08620690
6.0604 190.08620690
6.0662 190.08620690
6.0720 190.08620690
6.0778 190.08620690
6.0836 190.08620690
6.0894 193.42105263
6.0952 193.42105263
6.1010 193.42105263
6.1068 193.42105263
6.1127 193.42105263
6.1185 193.42105263
6.1243 193.42105263
6.1301 193.42105263
6.1359 193.42105263
6.1417 193.42105263
6.1475 193.42105263
6.1533 193.42105263
6.1591 193.42105263
6.1649 193.42105263
6.1707 193.42105263
6.1765 193.42105263
6.1823 193.42105263
6.1881 190.08620690
6.1939 190.08620690
6.1997 190.08620690
6.2055 190.08620690
6.2113 190.08620690
6.2171 190.08620690
6.2229 190.08620690
6.2288 190.08620690
6.2346 190.08620690
6.2404 190.08620690
6.2462 190.08620690
6.2520 190.08620690
6.2578 190.08620690
6.2636 190.08620690
6.2694 190.08620690
6.2752 190.08620690
6.2810 190.08620690
6.2868 190.08620690
6.2926 190.08620690
6.2984 190.08620690
6.3042 190.08620690
6.3100 193.42105263
6.3158 193.42105263
6.3216 193.42105263
6.3274 193.42105263
6.3332 193.42105263
6.3390 193.42105263
6.3449 193.42105263
6.3507 193.42105263
6.3565 196.87500000
6.3623 196.87500000
6.3681 196.87500000
6.3739 196.87500000
6.3797 196.87500000
6.3855 196.87500000
6.3913 196.87500000
6.3971 200.45454545
6.4029 200.45454545
6.4087 200.45454545
6.4145 200.45454545
6.4203 200.45454545
6.4261 196.87500000
6.4319 196.87500000
6.4377 196.87500000
6.4435 196.87500000
6.4493 196.87500000
6.4551 196.87500000
6.4610 196.87500000
6.4668 196.87500000
6.4726 196.87500000
6.4784 196.87500000
6.4842 196.87500000
6.4900 196.87500000
6.4958 196.87500000
6.5016 196.87500000
6.5074 196.87500000
6.5132 196.87500000
6.5190 196.87500000
6.5248 196.87500000
6.5306 196.87500000
6.5364 196.87500000
6.5422 196.87500000
6.5480 200.45454545
6.5538 200.45454545
6.5596 200.45454545
6.5654 204.16666667
6.5712 204.16666667
6.5771 208.01886792
6.5829 208.01886792
6.5887 212.01923077
6.5945 212.01923077
6.6003 220.50000000
6.6061 220.50000000
6.6119 220.50000000
6.6177 220.50000000
6.6235 220.50000000
6.6293 220.50000000
6.6351 220.50000000
6.6409 220.50000000
6.6467 220.50000000
6.6525 220.50000000
6.6583 225.00000000
6.6641 225.00000000
6.6699 225.00000000
6.6757 225.00000000
6.6815 225.00000000
6.6873 225.00000000
6.6932 225.00000000
6.6990 234.57446809
6.7048 234.57446809
6.7106 250.56818182
6.7164 256.39534884
6.7222 256.39534884
6.7280 268.90243902
6.7338 268.90243902
6.7396 268.90243902
6.7454 268.90243902
6.7512 268.90243902
6.7570 268.90243902
6.7628 268.90243902
6.7686 262.50000000
6.7744 262.50000000
6.7802 262.50000000
6.7860 256.39534884
6.7918 256.39534884
6.7976 256.39534884
6.8034 256.39534884
6.8093 256.39534884
6.8151 256.39534884
6.8209 256.39534884
6.8267 256.39534884
6.8325 256.39534884
6.8383 256.39534884
6.8441 256.39534884
6.8499 250.56818182
6.8557 245.00000000
6.8615 245.00000000
6.9602 239.67391304
6.9660 256.39534884
6.9718 256.39534884
6.9776 256.39534884
6.9834 256.39534884
6.9892 256.39534884
6.9950 256.39534884
7.0008 256.39534884
7.0066 256.39534884
7.0124 256.39534884
7.0182 256.39534884
7.0240 256.39534884
7.0298 256.39534884
7.0356 256.39534884
7.0415 256.39534884
7.0473 250.56818182
7.0531 250.56818182
7.0589 250.56818182
7.0647 250.56818182
7.0705 250.56818182
7.0763 250.56818182
7.0821 250.56818182
7.0879 250.56818182
7.0937 250.56818182
7.0995 250.56818182
7.1053 250.56818182
7.1111 250.56818182
7.1169 250.56818182
7.1227 250.56818182
7.1285 250.56818182
7.1343 250.56818182
7.1401 250.56818182
7.1459 250.56818182
7.1517 250.56818182
7.1576 250.56818182
7.1634 250.56818182
7.1692 250.56818182
7.1750 250.56818182
7.1808 250.56818182
7.1866 250.56818182
7.1924 250.56818182
7.1982 250.56818182
7.2040 250.56818182
7.2098 250.56818182
7.2156 250.56818182
7.2214 250.56818182
7.2272 250.56818182
7.2330 250.56818182
7.2388 250.56818182
7.2446 250.56818182
7.2504 245.00000000
7.2562 250.56818182
7.2620 250.56818182
7.2678 245.00000000
7.2737 245.00000000
7.2795 250.56818182
7.2853 250.56818182
7.2911 250.56818182
7.2969 250.56818182
7.3027 250.56818182
7.3085 250.56818182
7.3143 250.56818182
7.3201 250.56818182
7.3259 250.56818182
7.3317 250.56818182
7.3375 256.39534884
7.3433 256.39534884
7.3491 256.39534884
7.3549 256.39534884
7.3607 256.39534884
7.3665 262.50000000
7.3723 262.50000000
7.3781 262.50000000
7.3839 262.50000000
7.3898 262.50000000
7.4536 282.69230769
7.4594 290.13157895
7.4652 297.97297297
7.4710 297.97297297
7.4768 297.97297297
7.4826 297.97297297
7.4884 297.97297297
7.4942 297.97297297
7.5000 297.97297297
7.5059 297.97297297
7.5117 297.97297297
7.5175 297.97297297
7.5233 297.97297297
7.5291 297.97297297
7.5349 297.97297297
7.5407 297.97297297
7.5465 290.13157895
7.5523 290.13157895
7.5581 290.13157895
7.5639 290.13157895
7.5697 290.13157895
7.5755 290.13157895
7.5813 290.13157895
7.5871 290.13157895
7.5929 290.13157895
7.5987 290.13157895
7.6045 290.13157895
7.6103 282.69230769
7.6974 183.75000000
7.7032 183.75000000
7.7090 183.75000000
7.7148 183.75000000
7.7206 183.75000000
7.7264 183.75000000
7.7322 183.75000000
7.7380 183.75000000
7.7439 183.75000000
7.7497 186.86440678
7.7555 190.08620690
7.7613 190.08620690
7.7671 193.42105263
7.7729 193.42105263
7.7787 193.42105263
7.7845 193.42105263
7.7903 193.42105263
7.7961 193.42105263
7.8019 193.42105263
7.8077 193.42105263
7.8135 193.42105263
7.8193 193.42105263
7.8251 190.08620690
7.8309 190.08620690
7.8367 190.08620690
7.8425 190.08620690
7.8483 190.08620690
7.8541 190.08620690
7.8600 190.08620690
7.8658 193.42105263
7.8716 193.42105263
7.8774 193.42105263
7.8832 193.42105263
7.8890 193.42105263
7.8948 193.42105263
7.9006 193.42105263
7.9064 196.87500000
7.9122 196.87500000
7.9180 193.42105263
7.9238 193.42105263
7.9296 193.42105263
7.9354 193.42105263
7.9412 193.42105263
7.9470 190.08620690
7.9528 190.08620690
7.9586 193.42105263
7.9644 193.42105263
7.9702 193.42105263
7.9761 196.87500000
7.9819 196.87500000
7.9877 196.87500000
7.9935 196.87500000
7.9993 196.87500000
8.0863   0.00000000
8.0922   0.00000000
8.0980   0.00000000
8.1038   0.00000000
8.1096   0.00000000
8.1154   0.00000000
8.1212   0.00000000
8.1270   0.00000000
8.1328   0.00000000
8.1386   0.00000000
8.1444   0.00000000
8.1502   0.00000000
8.1560   0.00000000
8.1618   0.00000000
8.1676   0.00000000
8.1734   0.00000000
8.1792   0.00000000
8.2315 200.45454545
8.2373 200.45454545
8.2431 200.45454545
8.2489 200.45454545
8.2547 200.45454545
8.2605 200.45454545
8.2663 200.45454545
8.2721 200.45454545
8.2779 200.45454545
8.2837 200.45454545
8.2895 200.45454545
8.2953 196.87500000
8.3011 196.87500000
8.3069 196.87500000
8.3127 196.87500000
8.3185 196.87500000
8.3244 196.87500000
8.3302 196.87500000
8.3360 196.87500000
8.3418 196.87500000
8.3476 193.42105263
8.3534 193.42105263
8.3592 193.42105263
8.3650 193.42105263
8.3708 193.42105263
8.3766 193.42105263
8.3824 193.42105263
8.3882 193.42105263
8.3940 193.42105263
8.3998 193.42105263
8.4056 193.42105263
8.4114 193.42105263
8.4172 193.42105263
8.4230 193.42105263
8.4288 193.42105263
8.4346 193.42105263
8.4405 196.87500000
8.4463 196.87500000
8.4521 196.87500000
8.5682 193.42105263
8.5740 193.42105263
8.5798 216.17647059
8.5856 196.87500000
8.5914 196.87500000
8.5972 196.87500000
8.6030 196.87500000
8.6088 196.87500000
8.6146 196.87500000
8.6204 196.87500000
8.6262 193.42105263
8.8004   0.00000000
8.8062   0.00000000
8.8120   0.00000000
8.8178 216.17647059
8.8236 216.17647059
8.8294 216.17647059
8.8352 216.17647059
8.8410 216.17647059
8.8468 212.01923077
8.8526 212.01923077
8.8584 212.01923077
8.8642 212.01923077
8.8700 212.01923077
8.8758 212.01923077
8.8816 212.01923077
8.8874 212.01923077
8.8932 212.01923077
8.8990 216.17647059
8.9049 216.17647059
8.9107 225.00000000
8.9165 229.68750000
8.9223 229.68750000
8.9281 229.68750000
8.9339 229.68750000
8.9397 234.57446809
8.9455 239.67391304
8.9513 239.67391304
8.9571 239.67391304
8.9629 239.67391304
8.9687 245.00000000
8.9745 245.00000000
8.9803 245.00000000
8.9861 245.00000000
8.9919 245.00000000
8.9977 245.00000000
9.0035 245.00000000
9.0093 245.00000000
9.0151 239.67391304
9.0210 239.67391304
9.0268 239.67391304
9.0326 239.67391304
9.0384 239.67391304
9.1429 250.56818182
9.1487 250.56818182
9.1545 250.56818182
9.1603 250.56818182
9.1661 250.56818182
9.1719 250.56818182
9.1777 245.00000000
9.1835 245.00000000
9.1893 245.00000000
9.1951 245.00000000
9.2009 245.00000000
9.2067 245.00000000
9.2125 245.00000000
9.2183 245.00000000
9.2241 245.00000000
9.2299 245.00000000
9.2357 245.00000000
9.2415 245.00000000
9.2473 239.67391304
9.2532 239.67391304
9.2590 239.67391304
9.2648 239.67391304
9.2706 239.67391304
9.2764 239.67391304
9.2822 239.67391304
9.2880 239.67391304
9.2938 239.67391304
9.2996 239.67391304
9.3054 239.67391304
9.3112 239.67391304
9.3170 239.67391304
9.3228 239.67391304
9.3286 245.00000000
9.3344 245.00000000
9.3402 245.00000000
9.3460 245.00000000
9.3518 245.00000000
9.3576 245.00000000
9.3634 245.00000000
9.3693 239.67391304
9.6363   0.00000000
9.6421   0.00000000
9.6479   0.00000000
9.6537   0.00000000
9.6595   0.00000000
9.6653   0.00000000
9.6711   0.00000000
9.6769 216.17647059
9.8859   0.00000000
9.8917   0.00000000
9.8975 200.45454545
9.9033 200.45454545
9.9091 200.45454545
9.9149 200.45454545
9.9207 208.01886792
9.9265 212.01923077
9.9323 212.01923077
9.9381 212.01923077
9.9439 212.01923077
9.9498 212.01923077
9.9556 212.01923077
9.9614 212.01923077
9.9672 212.01923077
9.9730 212.01923077
9.9788 212.01923077
9.9846 212.01923077
9.9904 212.01923077
9.9962 212.01923077
10.0020 212.01923077
10.0078 216.17647059
10.0136 216.17647059
10.0194 220.50000000
10.0252 225.00000000
10.0310 225.00000000
10.0368 234.57446809
10.0426 234.57446809
10.0484 239.67391304
10.0542 239.67391304
10.0600 239.67391304
10.0659 239.67391304
10.0717 239.67391304
10.0775 239.67391304
10.1587 234.57446809
10.1645 234.57446809
10.1703 234.57446809
10.1761 229.68750000
10.1820 229.68750000
10.1878 229.68750000
10.1936 229.68750000
10.1994 229.68750000
10.2052 229.68750000
10.2110 229.68750000
10.2168 225.00000000
10.2226 225.00000000
10.2284 225.00000000
10.2342 225.00000000
10.2400 220.50000000
10.2458 216.17647059
10.2516 216.17647059
10.2574 216.17647059
10.2632 216.17647059
10.2690 216.17647059
10.2748 216.17647059
10.2806 216.17647059
10.2864 216.17647059
10.2922 216.17647059
10.2980 216.17647059
10.3039 216.17647059
10.3097 216.17647059
10.3155 216.17647059
10.3213 216.17647059
10.3271 216.17647059
10.3329 216.17647059
10.3387 216.17647059
10.3445 216.17647059
10.3503 216.17647059
10.3561 216.17647059
10.3619 216.17647059
10.3677 216.17647059
10.3735 216.17647059
10.3793 216.17647059
10.3851 216.17647059
10.3909 216.17647059
10.3967 216.17647059
10.4025 216.17647059
10.4083 216.17647059
10.4141 216.17647059
10.4200 216.17647059
10.4258 216.17647059
10.4316 216.17647059
10.4374 212.01923077
10.4432 212.01923077
10.4490 212.01923077
10.4548 212.01923077
10.7683   0.00000000
10.7741   0.00000000
10.7799   0.00000000
10.7857   0.00000000
10.7915   0.00000000
10.7973   0.00000000
10.8031   0.00000000
10.8089   0.00000000
10.8147   0.00000000
10.8205   0.00000000
10.8263   0.00000000
10.9540   0.00000000
10.9598   0.00000000
10.9656 196.87500000
10.9714 196.87500000
10.9772 196.87500000
10.9830 196.87500000
10.9888 196.87500000
10.9946 196.87500000
11.0005 196.87500000
11.0063 196.87500000
11.0121 196.87500000
11.0179 190.08620690
11.0237 190.08620690
11.0295 186.86440678
11.0353 186.86440678
11.0411 186.86440678
11.0469 190.08620690
11.0527 190.08620690
11.0585 193.42105263
11.0643 193.42105263
11.0701 200.45454545
11.0759 204.16666667
11.0817 204.16666667
11.0875 212.01923077
11.0933 212.01923077
11.0991 216.17647059
11.1049 216.17647059
11.1107 220.50000000
11.1166 220.50000000
11.1224 220.50000000
11.1282 220.50000000
11.1340 220.50000000
11.1398 220.50000000
11.1456 220.50000000
11.1514 220.50000000
11.1572 220.50000000
11.1630 220.50000000
11.1688 220.50000000
11.1746 220.50000000
11.1804 220.50000000
11.1862 220.50000000
11.1920 220.50000000
11.1978 220.50000000
11.2036 220.50000000
11.2094 220.50000000
11.2152 220.50000000
11.2210 220.50000000
11.2268 220.50000000
11.2327 220.50000000
11.2385 220.50000000
11.2443 220.50000000
11.2501 220.50000000
11.2559 220.50000000
11.2617 220.50000000
11.2675 220.50000000
11.2733 220.50000000
11.2791 220.50000000
11.2849 220.50000000
11.2907 220.50000000
11.2965 216.17647059
11.3023 216.17647059
11.3081 216.17647059
11.3139 216.17647059
11.3197 216.17647059
11.3255 216.17647059
11.3313 216.17647059
11.3371 216.17647059
11.3429 216.17647059
11.3488 212.01923077
11.3546 212.01923077
11.4939   0.00000000
11.4997   0.00000000
11.5055   0.00000000
11.5113   0.00000000
11.5171 239.67391304
11.5229 239.67391304
11.5287 239.67391304
11.5345 239.67391304
11.5403 239.67391304
11.5461 239.67391304
11.5519 239.67391304
11.5577 239.67391304
11.5635 239.67391304
11.5693 239.67391304
11.5751 239.67391304
11.5810 239.67391304
11.5868 239.67391304
11.5926 239.67391304
11.5984 239.67391304
11.6042 239.67391304
11.6100 239.67391304
11.6158 239.67391304
11.6216 239.67391304
11.6274 239.67391304
11.6332 239.67391304
11.6390 239.67391304
11.6448 239.67391304
11.6506 239.67391304
11.6564 239.67391304
11.6622 239.67391304
11.6680 234.57446809
11.6738 234.57446809
11.8538 186.86440678
11.8596 190.08620690
11.8654 196.87500000
11.8712 196.87500000
11.8770 208.01886792
11.8828 208.01886792
11.8886 212.01923077
11.8944 212.01923077
11.9002 216.17647059
11.9060 216.17647059
11.9118 216.17647059
11.9176 220.50000000
11.9234 220.50000000
11.9293 225.00000000
11.9351 225.00000000
11.9409 225.00000000
11.9467 234.57446809
11.9525 234.57446809
11.9583 234.57446809
11.9641 234.57446809
11.9699 234.57446809
11.9757 239.67391304
11.9815 239.67391304
11.9873 234.57446809
11.9931 234.57446809
11.9989 234.57446809
12.0047 234.57446809
12.0105 234.57446809
12.0163 234.57446809
12.0221 234.57446809
12.0279 234.57446809
12.0337 234.57446809
12.0395 234.57446809
12.0454 234.57446809
12.0512 234.57446809
12.0570 234.57446809
12.0628 234.57446809
12.0686 229.68750000
12.0744 229.68750000
12.0802 229.68750000
12.0860 225.00000000
12.0918 225.00000000
12.0976 225.00000000
12.1034 225.00000000
12.1092 220.50000000
12.1150 220.50000000
12.1208 220.50000000
12.1266 220.50000000
12.1324 220.50000000
12.1382 220.50000000
12.1440 220.50000000
12.1498 220.50000000
12.1556 220.50000000
12.1615 220.50000000
12.1673 220.50000000
12.1731 220.50000000
12.1789 220.50000000
12.1847 220.50000000
12.1905 220.50000000
12.1963 220.50000000
12.2021 220.50000000
12.2079 220.50000000
12.2137 220.50000000
12.2195 220.50000000
12.2253 220.50000000
12.2311 220.50000000
12.2369 220.50000000
12.2427 220.50000000
12.2485 220.50000000
12.2543 220.50000000
12.2601 220.50000000
12.2659 220.50000000
12.2717 220.50000000
12.2776 220.50000000
12.2834 220.50000000
12.2892 220.50000000
12.2950 220.50000000
12.3008 220.50000000
12.3066 220.50000000
12.3124 220.50000000
12.3182 220.50000000
12.3240 220.50000000
12.3298 220.50000000
12.3356 220.50000000
12.3414 220.50000000
12.3472 220.50000000
12.3530 220.50000000
12.3588 216.17647059
12.3646 216.17647059
12.3704 216.17647059
12.3762 216.17647059
12.3820 216.17647059
12.3878 216.17647059
12.3937 216.17647059
12.3995 216.17647059
12.4053 220.50000000
12.4111 220.50000000
12.4169 220.50000000
12.4227 220.50000000
12.4285 225.00000000
12.4343 225.00000000
12.4401 225.00000000
12.4459 225.00000000
12.4517 225.00000000
12.4575 225.00000000
12.4633 225.00000000
12.4691 225.00000000
12.4749 225.00000000
12.4807 225.00000000
12.4865 220.50000000
12.5504 180.73770492
12.5562 180.73770492
12.5620 180.73770492
12.5678 180.73770492
12.5736 180.73770492
12.5794 180.73770492
12.5852 180.73770492
12.5910 180.73770492
12.5968 186.86440678
12.6026 186.86440678
12.6084 190.08620690
12.6142 190.08620690
12.6200 193.42105263
12.6259 193.42105263
12.6317 193.42105263
12.6375 196.87500000
12.6433 196.87500000
12.6491 196.87500000
12.6549 196.87500000
12.6607 196.87500000
12.6665 196.87500000
12.6723 196.87500000
12.6781 193.42105263
12.6839 193.42105263
12.6897 193.42105263
12.6955 186.86440678
12.7013 186.86440678
12.7071 190.08620690
12.7129 190.08620690
12.7187 193.42105263
12.7245 193.42105263
12.7303 196.87500000
12.7361 196.87500000
12.7420 196.87500000
12.7478 196.87500000
12.7536 196.87500000
12.8755   0.00000000
12.8813   0.00000000
12.8871   0.00000000
12.8929   0.00000000
12.8987   0.00000000
12.9045   0.00000000
12.9103 216.17647059
12.9161 220.50000000
12.9219 220.50000000
12.9277 220.50000000
12.9335 220.50000000
12.9393 225.00000000
12.9451 225.00000000
12.9509 225.00000000
12.9567 225.00000000
12.9625 225.00000000
12.9683 225.00000000
12.9741 225.00000000
12.9800 225.00000000
12.9858 220.50000000
12.9916 220.50000000
12.9974 220.50000000
13.0032 220.50000000
13.0090 220.50000000
13.0148 220.50000000
13.0206 220.50000000
13.0264 220.50000000
13.0322 220.50000000
13.0380 220.50000000
13.0438 220.50000000
13.0496 220.50000000
13.0554 220.50000000
13.0612 220.50000000
13.0670 220.50000000
13.0728 220.50000000
13.0786 220.50000000
13.0844 220.50000000
13.0902 220.50000000
13.0961 220.50000000
13.1019 220.50000000
13.1077 220.50000000
13.1135 220.50000000
13.1193 220.50000000
13.1251 220.50000000
13.1309 220.50000000
13.1367 220.50000000
13.1425 220.50000000
13.1483 220.50000000
13.1541 220.50000000
13.1599 220.50000000
13.1657 220.50000000
13.1715 220.50000000
13.1773 220.50000000
13.1831 220.50000000
13.1889 225.00000000
13.1947 225.00000000
13.2005 225.00000000
13.2063 225.00000000
13.2122 225.00000000
13.2180 225.00000000
13.2238 225.00000000
13.2296 225.00000000
13.2354 225.00000000
13.2412 225.00000000
13.2470 220.50000000
13.2528 220.50000000
13.2586 220.50000000
13.2644 220.50000000
13.2702 220.50000000
13.2760 216.17647059
13.2818 216.17647059
13.2876 216.17647059
13.2934 216.17647059
13.2992 216.17647059
13.3050 216.17647059
13.3108 216.17647059
13.3166 216.17647059
13.3224 216.17647059
13.3283 216.17647059
13.3341 216.17647059
13.3399 216.17647059
13.3457 216.17647059
13.3515 216.17647059
13.3573 216.17647059
13.3631 216.17647059
13.3689 220.50000000
13.3747 220.50000000
13.3805 220.50000000
13.3863 220.50000000
13.3921 220.50000000
13.3979 220.50000000
13.4037 220.50000000
13.4095 220.50000000
13.4153 220.50000000
13.4211 220.50000000
13.4269 220.50000000
13.4327 220.50000000
13.4385 220.50000000
13.4444 220.50000000
13.4502 220.50000000
13.4560 220.50000000
13.4618 220.50000000
13.4676 220.50000000
13.4734 220.50000000
13.4792 220.50000000
13.4850 220.50000000
13.4908 220.50000000
13.4966 220.50000000
13.5024 220.50000000
13.5082 220.50000000
13.5140 220.50000000
13.5198 220.50000000
13.5256 220.50000000
13.5314 220.50000000
13.5372 220.50000000
13.5430 220.50000000
13.5488 220.50000000
13.5546 220.50000000
13.5605 220.50000000
13.5663 220.50000000
13.5721 220.50000000
13.5779 220.50000000
13.5837 220.50000000
13.5895 220.50000000
13.5953 220.50000000
13.6011 220.50000000
13.6069 220.50000000
13.6127 220.50000000
13.6185 220.50000000
13.6243 220.50000000
13.6301 216.17647059
13.6359 216.17647059
13.6417 216.17647059
13.6475 216.17647059
13.6533 216.17647059
13.6591 216.17647059
13.6649 216.17647059
13.6707 216.17647059
13.6766 220.50000000
13.6824 220.50000000
13.6882 220.50000000
18.4308   0.00000000
18.4366   0.00000000
18.4424   0.00000000
18.4483 106.00961538
18.4541 106.00961538
18.4599  99.32432432
18.4657  98.43750000
18.4715  98.43750000
18.4773 101.14678899
18.4831 101.14678899
18.4889 101.14678899
18.4947 101.14678899
18.5005 101.14678899
18.5063 101.14678899
18.5121 101.14678899
18.5179 101.14678899
18.5237 101.14678899
18.5295 101.14678899
18.5353 101.14678899
18.5411 101.14678899
18.5469 101.14678899
18.5527 101.14678899
18.5585 100.22727273
18.5644 100.22727273
18.5702 100.22727273
18.6224  97.56637168
18.6282 102.08333333
18.6340 102.08333333
18.6398 112.50000000
18.6456 121.15384615
18.6514 121.15384615
18.6572 123.87640449
18.6630 123.87640449
18.6688 126.72413793
18.6746 126.72413793
18.6805 126.72413793
18.6863 131.25000000
18.6921 131.25000000
18.6979 131.25000000
18.7037 131.25000000
18.7095 132.83132530
18.7153 137.81250000
18.7211 137.81250000
18.7269 141.34615385
18.7327 141.34615385
18.7385 145.06578947
18.7443 145.06578947
18.7501 148.98648649
18.7559 153.12500000
18.7617 153.12500000
18.7675 157.50000000
18.7733 157.50000000
18.7791 162.13235294
18.7849 162.13235294
18.7907 164.55223881
18.7966 164.55223881
18.8024 164.55223881
18.8082 164.55223881
18.8140 164.55223881
18.8198 164.55223881
18.8256 164.55223881
18.8314 164.55223881
18.8372 167.04545455
18.8430 167.04545455
18.8488 167.04545455
18.8546 167.04545455
18.8604 172.26562500
18.8662 175.00000000
18.8720 175.00000000
18.9068 180.73770492
18.9127 180.73770492
18.9185 177.82258065
18.9243 177.82258065
18.9301 172.26562500
18.9359 172.26562500
18.9417 172.26562500
18.9475 172.26562500
18.9533 172.26562500
18.9591 172.26562500
18.9649 172.26562500
18.9707 172.26562500
18.9765 177.82258065
18.9823 177.82258065
18.9881 186.86440678
18.9939 186.86440678
18.9997 190.08620690
19.0055 190.08620690
19.0113 190.08620690
19.1274   0.00000000
19.1332   0.00000000
19.1390   0.00000000
19.1449   0.00000000
19.1507   0.00000000
19.1565 147.00000000
19.1623 147.00000000
19.1681 159.78260870
19.1739 159.78260870
19.1797 167.04545455
19.1855 172.26562500
19.1913 172.26562500
19.1971 180.73770492
19.2029 180.73770492
19.2087 183.75000000
19.2145 183.75000000
19.2203 190.08620690
19.2261 193.42105263
19.2319 193.42105263
19.2377 193.42105263
19.2435 193.42105263
19.2493 193.42105263
19.2551 193.42105263
19.2610 193.42105263
19.2668 193.42105263
19.2726 193.42105263
19.2784 193.42105263
19.2842 193.42105263
19.2900 190.08620690
19.2958 186.86440678
19.3016 186.86440678
19.3074 186.86440678
19.3132 186.86440678
19.3190 186.86440678
19.3248 186.86440678
19.3306 186.86440678
19.3364 190.08620690
19.3422 190.08620690
19.3480 193.42105263
19.3538 193.42105263
19.3596 196.87500000
19.3654 196.87500000
19.3712 196.87500000
19.3771 196.87500000
19.3829 196.87500000
19.3887 196.87500000
19.3945 196.87500000
19.4003 196.87500000
19.4061 196.87500000
19.4119 196.87500000
19.4177 196.87500000
19.4235 196.87500000
19.4293 193.42105263
19.4351 193.42105263
19.4409 193.42105263
19.4467 190.08620690
19.4525 190.08620690
19.4583 190.08620690
19.4641 190.08620690
19.4699 190.08620690
19.4757 190.08620690
19.4815 190.08620690
19.4873 193.42105263
19.4932 193.42105263
19.4990 196.87500000
19.5048 196.87500000
19.5106 200.45454545
19.5164 200.45454545
19.5222 200.45454545
19.5280 204.16666667
19.5338 204.16666667
19.5396 204.16666667
19.5454 208.01886792
19.5512 208.01886792
19.5570 208.01886792
19.5628 208.01886792
19.5686 208.01886792
19.5744 208.01886792
19.5802 208.01886792
19.5860 208.01886792
19.5918 208.01886792
19.5976 204.16666667
19.6034 204.16666667
19.6093 200.45454545
19.6151 193.42105263
19.6209 193.42105263
19.6267 183.75000000
19.6325 183.75000000
19.6383 175.00000000
19.6441 175.00000000
19.6499 167.04545455
19.6557 155.28169014
19.6615 155.28169014
19.6673 148.98648649
19.6731 148.98648649
19.6789 148.98648649
19.6847 148.98648649
19.6905 148.98648649
19.6963 148.98648649
19.7021 148.98648649
19.7079 153.12500000
19.7137 153.12500000
19.7195 164.55223881
19.7254 177.82258065
19.7312 177.82258065
19.7370 186.86440678
19.7428 186.86440678
19.7486 193.42105263
19.7544 193.42105263
19.7602 200.45454545
19.7660 204.16666667
19.7718 204.16666667
19.7776 208.01886792
19.7834 208.01886792
19.7892 212.01923077
19.7950 216.17647059
19.8008 216.17647059
19.8066 220.50000000
19.8124 220.50000000
19.8182 225.00000000
19.8240 225.00000000
19.8298 225.00000000
19.8356 229.68750000
19.8415 229.68750000
19.8473 234.57446809
19.8531 234.57446809
19.8589 234.57446809
19.8647 234.57446809
19.8705 239.67391304
19.8763 245.00000000
19.8821 245.00000000
19.8879 245.00000000
19.8937 245.00000000
19.8995 245.00000000
19.9053 245.00000000
19.9111 245.00000000
19.9169 245.00000000
19.9227 245.00000000
19.9285 245.00000000
19.9343 245.00000000
19.9401 245.00000000
19.9459 245.00000000
19.9517 245.00000000
19.9576 245.00000000
19.9634 245.00000000
19.9692 239.67391304
19.9750 239.67391304
19.9808 239.67391304
19.9866 239.67391304
19.9924 239.67391304
20.1027   0.00000000
20.1085   0.00000000
20.1143   0.00000000
20.1201   0.00000000
20.1259   0.00000000
20.1317   0.00000000
20.1375 216.17647059
20.1433 216.17647059
20.1491 220.50000000
20.1549 220.50000000
20.1607 220.50000000
20.1665 220.50000000
20.1723 220.50000000
20.1781 225.00000000
20.1839 225.00000000
20.1898 225.00000000
20.1956 225.00000000
20.2014 225.00000000
20.2072 225.00000000
20.2130 225.00000000
20.2188 225.00000000
20.2246 225.00000000
20.2304 225.00000000
20.2362 225.00000000
20.2420 225.00000000
20.2478 225.00000000
20.2536 225.00000000
20.2594 225.00000000
20.2652 225.00000000
20.2710 225.00000000
20.2768 229.68750000
20.2826 229.68750000
20.2884 234.57446809
20.2942 234.57446809
20.3000 239.67391304
20.3059 245.00000000
20.3117 245.00000000
20.3175 250.56818182
20.3233 250.56818182
20.3291 250.56818182
20.3349 250.56818182
20.3407 250.56818182
20.3465 250.56818182
20.3523 250.56818182
20.3581 250.56818182
20.3639 250.56818182
20.3697 250.56818182
20.3755 250.56818182
20.3813 250.56818182
20.3871 250.56818182
20.3929 250.56818182
20.3987 250.56818182
20.4045 250.56818182
20.4103 250.56818182
20.4161 250.56818182
20.4220 250.56818182
20.4278 250.56818182
20.4336 250.56818182
20.4394 250.56818182
20.4452 250.56818182
20.4510 250.56818182
20.4568 245.00000000
20.4626 245.00000000
20.4684 245.00000000
20.4742 245.00000000
20.4800 245.00000000
20.4858 245.00000000
20.4916 245.00000000
20.4974 245.00000000
20.5032 245.00000000
20.5090 245.00000000
20.5148 245.00000000
20.5671 225.00000000
20.5729 225.00000000
20.5787 220.50000000
20.5845 220.50000000
20.5903 220.50000000
20.5961 220.50000000
20.6019 220.50000000
20.6077 229.68750000
20.6135 229.68750000
20.6193 229.68750000
20.6251 234.57446809
20.6309 234.57446809
20.6367 239.67391304
20.6425 239.67391304
20.6483 245.00000000
20.6541 245.00000000
20.6600 245.00000000
20.6658 245.00000000
20.6716 245.00000000
20.6774 245.00000000
20.6832 245.00000000
20.6890 239.67391304
20.6948 239.67391304
20.7006 239.67391304
20.7064 239.67391304
20.7122 239.67391304
20.7180 234.57446809
20.7238 234.57446809
20.7296 234.57446809
20.7354 234.57446809
20.7412 234.57446809
20.7470 234.57446809
20.7528 234.57446809
20.7586 234.57446809
20.7644 234.57446809
20.7702 234.57446809
20.7761 234.57446809
20.7819 234.57446809
20.7877 234.57446809
20.7935 234.57446809
20.7993 229.68750000
20.8051 225.00000000
20.8109 225.00000000
20.8167 216.17647059
20.8225 216.17647059
20.8283 208.01886792
20.8341 208.01886792
20.8399 208.01886792
20.8457 208.01886792
20.8515 208.01886792
20.8573 208.01886792
20.8631 208.01886792
20.8689 208.01886792
20.8747 208.01886792
20.8805 212.01923077
20.8863 220.50000000
20.8922 220.50000000
20.8980 225.00000000
20.9038 225.00000000
20.9096 229.68750000
20.9154 239.67391304
20.9212 239.67391304
20.9270 239.67391304
20.9328 239.67391304
20.9386 239.67391304
20.9444 239.67391304
20.9502 239.67391304
20.9560 239.67391304
20.9618 239.67391304
20.9676 239.67391304
20.9734 239.67391304
20.9792 239.67391304
20.9850 234.57446809
20.9908 234.57446809
20.9966 234.57446809
21.0024 234.57446809
21.0083 234.57446809
21.0141 234.57446809
21.0199 229.68750000
21.0257 229.68750000
21.0315 229.68750000
21.0373 229.68750000
21.0431 229.68750000
21.0489 229.68750000
21.0547 229.68750000
21.0605 229.68750000
21.0663 225.00000000
21.0721 225.00000000
21.0779 220.50000000
21.0837 220.50000000
21.0895 220.50000000
21.0953 220.50000000
21.1011 220.50000000
21.1069 216.17647059
21.1127 216.17647059
21.1534 200.45454545
21.1592 196.87500000
21.1650 196.87500000
21.1708 196.87500000
21.1766 186.86440678
21.1824 186.86440678
21.1882 186.86440678
21.1940 186.86440678
21.1998 186.86440678
21.2056 186.86440678
21.2114 186.86440678
21.2172 193.42105263
21.2230 193.42105263
21.2288 196.87500000
21.2346 196.87500000
21.2405 200.45454545
21.2463 200.45454545
21.2521 200.45454545
21.2579 200.45454545
21.2637 200.45454545
21.2695 200.45454545
21.2753 200.45454545
21.2811 200.45454545
21.2869 200.45454545
21.2927 200.45454545
21.2985 200.45454545
21.3043 200.45454545
21.3101 200.45454545
21.3159 196.87500000
21.3217 196.87500000
21.3275 196.87500000
21.3333 196.87500000
21.3391 196.87500000
21.3449 196.87500000
21.3507 196.87500000
21.3566 196.87500000
21.3624 196.87500000
21.3682 196.87500000
21.3740 196.87500000
21.3798 196.87500000
21.3856 196.87500000
21.3914 196.87500000
21.3972 196.87500000
21.4030 196.87500000
21.4088 196.87500000
21.4146 196.87500000
21.4204 196.87500000
21.4262 196.87500000
21.4320 196.87500000
21.4378 196.87500000
21.4436 196.87500000
21.4494 196.87500000
21.4552 196.87500000
21.4610 196.87500000
21.4668 193.42105263
21.4727 193.42105263
21.4785 193.42105263
21.4843 193.42105263
21.4901 190.08620690
21.4959 190.08620690
21.5017 190.08620690
21.5075 190.08620690
21.5133 190.08620690
21.5191 190.08620690
21.5249 190.08620690
21.5307 190.08620690
21.5365 193.42105263
21.5423 193.42105263
21.5481 193.42105263
21.5539 193.42105263
21.5597 196.87500000
21.5655 196.87500000
21.5713 196.87500000
21.5771 200.45454545
21.5829 200.45454545
21.5888 204.16666667
21.5946 204.16666667
21.6004 204.16666667
21.6062 204.16666667
21.6120 204.16666667
21.6178 204.16666667
21.6236 204.16666667
21.6294 200.45454545
21.6352 196.87500000
21.6410 196.87500000
21.6468 190.08620690
21.6526 190.08620690
21.6584 180.73770492
21.6642 180.73770492
21.6700 169.61538462
21.6758 169.61538462
21.6816 169.61538462
21.6874 169.61538462
21.6932 169.61538462
21.6990 169.61538462
21.7049 169.61538462
21.7107 169.61538462
21.7165 172.26562500
21.7223 172.26562500
21.7281 175.00000000
21.7339 175.00000000
21.7397 177.82258065
21.7455 180.73770492
21.7513 180.73770492
21.7571 190.08620690
21.7629 190.08620690
21.7687 196.87500000
21.7745 196.87500000
21.7803 196.87500000
21.7861 196.87500000
22.1518   0.00000000
22.1576   0.00000000
22.1634   0.00000000
22.1693   0.00000000
22.1751   0.00000000
22.1809   0.00000000
22.4131   0.00000000
22.4189   0.00000000
22.4247   0.00000000
22.4305   0.00000000
22.4363   0.00000000
22.4421   0.00000000
22.4479 151.02739726
22.4537 151.02739726
22.4595 151.02739726
22.4653 151.02739726
22.4711 151.02739726
22.4769 151.02739726
22.4827 151.02739726
22.4885 151.02739726
22.4943 151.02739726
22.5001 155.28169014
22.5059 157.50000000
22.5117 157.50000000
22.5176 162.13235294
22.5234 162.13235294
22.5292 164.55223881
22.5350 164.55223881
22.5408 164.55223881
22.5466 167.04545455
22.5524 167.04545455
22.5582 172.26562500
22.5640 172.26562500
22.5698 175.00000000
22.5756 180.73770492
22.5814 180.73770492
22.5872 183.75000000
22.5930 183.75000000
22.5988 186.86440678
22.6046 186.86440678
22.6104 190.08620690
22.6162 190.08620690
22.6220 190.08620690
22.6278 190.08620690
22.6337 190.08620690
22.6395 193.42105263
22.6453 193.42105263
22.6511 193.42105263
22.6569 193.42105263
22.6627 193.42105263
22.6685 193.42105263
22.6743 193.42105263
22.6801 193.42105263
22.6859 193.42105263
22.6917 193.42105263
22.6975 193.42105263
22.7033 193.42105263
22.7091 193.42105263
22.7149 193.42105263
22.7207 193.42105263
22.7265 193.42105263
22.7323 193.42105263
22.7381 193.42105263
22.7439 193.42105263
22.7498 193.42105263
22.7556 190.08620690
22.7614 190.08620690
22.7672 190.08620690
22.7730 190.08620690
22.9878   0.00000000
22.9936   0.00000000
22.9994   0.00000000
23.0052   0.00000000
23.0110   0.00000000
23.0168 193.42105263
23.0226 193.42105263
23.0284 196.87500000
23.0342 196.87500000
23.0400 200.45454545
23.0458 200.45454545
23.0516 200.45454545
23.0574 200.45454545
23.0632 200.45454545
23.0690 200.45454545
23.0748 200.45454545
23.0806 196.87500000
23.0864 196.87500000
23.0922 196.87500000
23.0980 196.87500000
23.1039 196.87500000
23.1097 196.87500000
23.1155 193.42105263
23.1213 193.42105263
23.1271 193.42105263
23.1329 193.42105263
23.1387 193.42105263
23.1445 193.42105263
23.1503 193.42105263
23.1561 193.42105263
23.1619 193.42105263
23.1677 193.42105263
23.1735 193.42105263
23.1793 193.42105263
23.1851 193.42105263
23.1909 193.42105263
23.1967 193.42105263
23.2025 193.42105263
23.2083 193.42105263
23.2141 193.42105263
23.2200 193.42105263
23.2258 196.87500000
23.2316 196.87500000
23.2374 196.87500000
23.2490 196.87500000
23.2548 196.87500000
23.2606 196.87500000
23.2664 196.87500000
23.2722 196.87500000
23.2780 196.87500000
23.2838 196.87500000
23.2896 196.87500000
23.2954 196.87500000
23.3012 196.87500000
23.3070 196.87500000
23.3128 196.87500000
23.3186 196.87500000
23.3244 196.87500000
23.3302 193.42105263
23.3361 190.08620690
23.3419 190.08620690
23.3477 190.08620690
23.3535 190.08620690
23.3593 190.08620690
23.3651 190.08620690
23.3709 190.08620690
23.3767 190.08620690
23.3825 190.08620690
23.3883 190.08620690
23.3941 190.08620690
23.3999 190.08620690
23.4057 190.08620690
23.4115 190.08620690
23.4173 190.08620690
23.4231 190.08620690
23.4289 190.08620690
23.4347 190.08620690
23.4405 190.08620690
23.4463 190.08620690
23.4522 190.08620690
23.4580 190.08620690
23.4638 190.08620690
23.4696 190.08620690
23.4754 190.08620690
23.4812 190.08620690
23.4870 190.08620690
23.4928 190.08620690
23.4986 190.08620690
23.5044 190.08620690
23.5102 190.08620690
23.5160 190.08620690
23.5218 190.08620690
23.5276 193.42105263
23.5334 193.42105263
23.5392 193.42105263
23.5450 196.87500000
23.5508 196.87500000
23.5566 196.87500000
23.5624 196.87500000
23.5683 200.45454545
23.5741 200.45454545
23.5799 200.45454545
23.5857 200.45454545
23.5915 200.45454545
23.5973 200.45454545
23.6031 200.45454545
23.6089 200.45454545
23.6147 200.45454545
23.6205 193.42105263
23.6263 190.08620690
23.6321 190.08620690
23.6379 186.86440678
23.6437 186.86440678
23.6495 186.86440678
23.6553 186.86440678
23.6611 186.86440678
23.6669 186.86440678
23.6727 186.86440678
23.6785 186.86440678
23.8527 204.16666667
23.8585 193.42105263
23.8643 193.42105263
23.8701 196.87500000
23.8759 196.87500000
23.8817 196.87500000
23.8875   0.00000000
23.8933   0.00000000
23.8991   0.00000000
23.9049   0.00000000
23.9107 196.87500000
23.9166 196.87500000
23.9224 196.87500000
23.9282 196.87500000
23.9340 196.87500000
23.9398 196.87500000
23.9456 196.87500000
23.9514 196.87500000
23.9572 196.87500000
23.9630 196.87500000
23.9688 193.42105263
23.9746 193.42105263
23.9804 193.42105263
23.9862 190.08620690
23.9920 190.08620690
23.9978 190.08620690
24.0036 190.08620690
24.1023 172.26562500
24.1081 172.26562500
24.1139 172.26562500
24.1197 172.26562500
24.1255 183.75000000
24.1313 183.75000000
24.1371 190.08620690
24.1429 190.08620690
24.1488 200.45454545
24.1546 200.45454545
24.1604 208.01886792
24.1662 216.17647059
24.1720 216.17647059
24.1778 220.50000000
24.1836 220.50000000
24.1894 225.00000000
24.1952 225.00000000
24.2010 225.00000000
24.2068 225.00000000
24.2126 225.00000000
24.2184 229.68750000
24.2242 229.68750000
24.2300 229.68750000
24.2358 234.57446809
24.2416 234.57446809
24.2474 245.00000000
24.2532 245.00000000
24.2590 250.56818182
24.2649 250.56818182
24.2707 256.39534884
24.2765 262.50000000
24.2823 262.50000000
24.2881 262.50000000
24.2939 262.50000000
24.2997 262.50000000
24.4448   0.00000000
24.4506   0.00000000
24.4564   0.00000000
24.4622   0.00000000
24.4680   0.00000000
24.4738   0.00000000
24.4796   0.00000000
24.4854   0.00000000
24.4912   0.00000000
24.4971 239.67391304
24.5029 239.67391304
24.5087 239.67391304
24.5145 239.67391304
24.5203 239.67391304
24.5261 245.00000000
24.5319 245.00000000
24.5377 250.56818182
24.5435 250.56818182
24.5493 256.39534884
24.5551 256.39534884
24.5609 256.39534884
24.5667 262.50000000
24.5725 262.50000000
24.5783 262.50000000
24.5841 262.50000000
24.5899 262.50000000
24.5957 262.50000000
24.6015 262.50000000
24.6073 262.50000000
24.6132 262.50000000
24.6190 262.50000000
24.6248 262.50000000
24.6306 262.50000000
24.6364 262.50000000
24.6422 262.50000000
24.6480 256.39534884
24.6538 256.39534884
24.6596 256.39534884
24.6654 256.39534884
24.6712 256.39534884
24.6770 256.39534884
24.6828 256.39534884
24.6886 256.39534884
24.6944 256.39534884
24.7002 256.39534884
24.7060 256.39534884
24.7118 256.39534884
24.7176 256.39534884
24.7234 256.39534884
24.7293 256.39534884
24.7351 256.39534884
24.7409 256.39534884
24.7467 256.39534884
24.7525 256.39534884
24.7583 256.39534884
24.7641 256.39534884
24.7699 256.39534884
24.7757 256.39534884
24.7815 256.39534884
24.7873 256.39534884
24.7931 256.39534884
24.7989 256.39534884
24.8047 256.39534884
24.8105 256.39534884
24.8163 256.39534884
24.8221 256.39534884
24.8279 256.39534884
24.8337 256.39534884
24.8395 256.39534884
24.8454 256.39534884
24.8512 256.39534884
24.8570 256.39534884
24.8628 256.39534884
24.8686 256.39534884
24.8744 256.39534884
24.8802 256.39534884
24.8860 256.39534884
24.8918 256.39534884
24.8976 256.39534884
24.9034 256.39534884
24.9092 256.39534884
24.9150 256.39534884
24.9208 256.39534884
24.9266 256.39534884
24.9673 262.50000000
24.9731 262.50000000
24.9789 262.50000000
24.9847 262.50000000
24.9905 268.90243902
24.9963 282.69230769
25.0021 282.69230769
25.0079 290.13157895
25.0137 290.13157895
25.0195 290.13157895
25.0253 290.13157895
25.0311 290.13157895
25.0369 290.13157895
25.0427 290.13157895
25.0485 290.13157895
25.0543 290.13157895
25.0601 290.13157895
25.0659 290.13157895
25.0717 290.13157895
25.0776 290.13157895
25.0834 290.13157895
25.0892 290.13157895
25.0950 290.13157895
25.1008 290.13157895
25.1066 290.13157895
25.1124 290.13157895
25.1182 290.13157895
25.1240 290.13157895
25.1298 290.13157895
25.1356 290.13157895
25.1414 290.13157895
25.1472 282.69230769
25.1937 234.57446809
25.1995 208.01886792
25.2053 200.45454545
25.2111 200.45454545
25.2169 190.08620690
25.2227 190.08620690
25.2285 167.04545455
25.2343 167.04545455
25.2401 162.13235294
25.2459 162.13235294
25.2517 162.13235294
25.2575 162.13235294
25.2633 162.13235294
25.2691 162.13235294
25.2749 162.13235294
25.2807 164.55223881
25.2865 175.00000000
25.2923 175.00000000
25.2981 183.75000000
25.3039 183.75000000
25.3098 186.86440678
25.3156 186.86440678
25.3214 186.86440678
25.3272 190.08620690
25.3330 190.08620690
25.3388 190.08620690
25.3446 190.08620690
25.3504 190.08620690
25.3562 190.08620690
25.3620 190.08620690
25.3678 190.08620690
25.3736 190.08620690
25.3794 190.08620690
25.3852 190.08620690
25.3910 190.08620690
25.3968 190.08620690
25.4026 190.08620690
25.4084 193.42105263
25.4142 193.42105263
25.4200 193.42105263
25.4259 193.42105263
25.4317 193.42105263
25.4375 196.87500000
25.5420 175.00000000
25.5478 172.26562500
25.5536 172.26562500
25.5594 186.86440678
25.5652 220.50000000
25.5710 220.50000000
25.5768 175.00000000
25.5826 175.00000000
25.5884 190.08620690
25.5942 190.08620690
25.6000 193.42105263
25.6058 193.42105263
25.6116 193.42105263
25.7509   0.00000000
25.7567   0.00000000
25.7625   0.00000000
25.7683   0.00000000
25.7741   0.00000000
25.7800   0.00000000
25.7858   0.00000000
25.7916   0.00000000
25.7974 193.42105263
25.8032 193.42105263
25.8090 200.45454545
25.8148 200.45454545
25.8206 200.45454545
25.8264 200.45454545
25.8322 200.45454545
25.8380 200.45454545
25.8438 200.45454545
25.8496 196.87500000
25.8554 193.42105263
25.8612 193.42105263
25.8670 190.08620690
25.8728 190.08620690
25.8786 183.75000000
25.8844 183.75000000
25.8902 180.73770492
25.8961 180.73770492
25.9019 180.73770492
25.9077 180.73770492
25.9135 180.73770492
25.9193 180.73770492
25.9251 180.73770492
25.9309 180.73770492
25.9367 186.86440678
25.9425 186.86440678
25.9483 190.08620690
25.9541 190.08620690
25.9599 193.42105263
25.9657 196.87500000
25.9715 196.87500000
25.9773 200.45454545
25.9831 200.45454545
25.9889 200.45454545
25.9947 200.45454545
26.0005 200.45454545
26.0063 200.45454545
26.0122 200.45454545
26.0180 200.45454545
26.0238 200.45454545
26.0296 196.87500000
26.0354 196.87500000
26.0412 196.87500000
26.0470 196.87500000
26.0528 196.87500000
26.0586 196.87500000
26.0644 196.87500000
26.0702 196.87500000
26.0760 196.87500000
26.0818 196.87500000
26.0876 196.87500000
26.0934 196.87500000
26.0992 196.87500000
26.1050 196.87500000
26.1108 196.87500000
26.1166 196.87500000
26.1224 196.87500000
26.1283 196.87500000
26.1341 196.87500000
26.1399 196.87500000
26.1457 196.87500000
26.1515 196.87500000
26.1573 196.87500000
26.1631 196.87500000
26.1689 196.87500000
26.1747 196.87500000
26.1805 196.87500000
26.1863 196.87500000
26.1921 196.87500000
26.1979 196.87500000
26.2037 196.87500000
26.2095 196.87500000
26.2153 196.87500000
26.2211 196.87500000
26.2269 196.87500000
26.2327 196.87500000
26.2385 196.87500000
26.2444 196.87500000
26.2502 196.87500000
26.2560 196.87500000
26.2618 196.87500000
26.2676 196.87500000
26.2734 196.87500000
26.2792 196.87500000
26.2850 196.87500000
26.2908 196.87500000
26.2966 196.87500000
26.3024 196.87500000
26.3082 196.87500000
26.3140 196.87500000
26.3198 204.16666667
26.3256 208.01886792
26.3314 208.01886792
26.3372 208.01886792
26.3430 208.01886792
26.3488 212.01923077
26.3546 212.01923077
26.3605 216.17647059
26.3663 216.17647059
26.3721 216.17647059
26.3779 216.17647059
26.3837 216.17647059
26.3895 216.17647059
26.3953 220.50000000
26.4011 220.50000000
26.4069 220.50000000
26.4127 220.50000000
26.4185 220.50000000
26.4243 220.50000000
26.4301 225.00000000
26.4359 229.68750000
26.4417 229.68750000
26.4475 234.57446809
26.4533 234.57446809
26.4591 239.67391304
26.4649 239.67391304
26.4707 245.00000000
26.4766 245.00000000
26.4824 245.00000000
26.4882 245.00000000
26.4940 245.00000000
26.4998 245.00000000
26.5056 245.00000000
26.5114 245.00000000
26.5172 245.00000000
26.5230 245.00000000
26.5288 245.00000000
26.5346 245.00000000
26.5404 245.00000000
26.5462 245.00000000
26.5520 245.00000000
26.5578 245.00000000
26.5636 245.00000000
26.5694 245.00000000
26.5752 245.00000000
26.5810 245.00000000
26.5868 245.00000000
26.5927 245.00000000
26.5985 245.00000000
26.6043 245.00000000
26.6101 245.00000000
26.6159 245.00000000
26.6217 245.00000000
26.6275 245.00000000
26.6333 245.00000000
26.6391 245.00000000
26.6449 245.00000000
26.6507 245.00000000
26.6565 245.00000000
26.6623 245.00000000
26.6681 245.00000000
26.6739 245.00000000
26.6797 245.00000000
26.6855 245.00000000
26.6913 245.00000000
26.6971 245.00000000
26.7029 245.00000000
26.7088 245.00000000
26.7146 245.00000000
26.7204 245.00000000
26.7262 245.00000000
26.7320 245.00000000
26.7378 245.00000000
26.7436 245.00000000
26.7494 239.67391304
26.7552 239.67391304
26.7610 239.67391304
26.7668 239.67391304
26.7726 239.67391304
26.7784 239.67391304
26.7842 239.67391304
26.7900 239.67391304
26.7958 239.67391304
26.8016 239.67391304
26.9293 234.57446809
26.9351 234.57446809
26.9410 234.57446809
26.9468 239.67391304
26.9526 239.67391304
26.9584 239.67391304
26.9642 239.67391304
26.9700 239.67391304
26.9758 239.67391304
26.9816 239.67391304
26.9874 245.00000000
26.9932 245.00000000
26.9990 245.00000000
27.0048 245.00000000
27.0106 245.00000000
27.0164 245.00000000
27.0222 245.00000000
27.0280 245.00000000
27.0338 245.00000000
27.0396 245.00000000
27.0454 245.00000000
27.0512 245.00000000
27.0571 245.00000000
27.0629 245.00000000
27.0687 245.00000000
27.0745 245.00000000
27.0803 245.00000000
27.0861 245.00000000
27.0919 245.00000000
27.0977 245.00000000
27.1035 245.00000000
27.1093 245.00000000
27.1151 245.00000000
27.1209 245.00000000
27.1267 245.00000000
27.1325 245.00000000
27.1383 239.67391304
27.1441 239.67391304
27.1499 239.67391304
27.1557 239.67391304
27.1615 239.67391304
27.1673 239.67391304
27.1732 239.67391304
27.1790 239.67391304
27.1848 239.67391304
27.1906 239.67391304
27.1964 239.67391304
27.2022 239.67391304
27.2080 239.67391304
27.2138 239.67391304
27.2196 239.67391304
27.2254 239.67391304
27.2312 239.67391304
27.2370 239.67391304
27.2428 239.67391304
27.2486 239.67391304
27.2544 239.67391304
27.2602 239.67391304
27.2660 239.67391304
27.2718 239.67391304
27.2776 239.67391304
27.2834 239.67391304
27.2893 239.67391304
27.2951 239.67391304
27.3009 239.67391304
27.3067 239.67391304
27.3125 239.67391304
27.3183 239.67391304
27.3241 239.67391304
27.3299 239.67391304
27.3357 234.57446809
27.3415 234.57446809
27.3473 229.68750000
27.3531 229.68750000
27.3589 229.68750000
27.3647 229.68750000
27.3705 225.00000000
27.3763 216.17647059
27.3821 216.17647059
27.3879 212.01923077
27.3937 212.01923077
27.3995 208.01886792
27.4054 208.01886792
27.4112 208.01886792
27.4170 208.01886792
27.4228 208.01886792
27.4286 208.01886792
27.4344 208.01886792
27.4402 208.01886792
27.4460 216.17647059
27.4518 216.17647059
27.4576 220.50000000
27.4634 220.50000000
27.4692 225.00000000
27.4750 229.68750000
27.4808 229.68750000
27.4866 234.57446809
27.4924 234.57446809
27.4982 245.00000000
27.5040 245.00000000
27.5098 245.00000000
27.5156 250.56818182
27.5215 250.56818182
27.5273 250.56818182
27.5331 250.56818182
27.5389 250.56818182
27.5447 250.56818182
27.5505 250.56818182
27.5563 250.56818182
27.5621 250.56818182
27.5679 245.00000000
27.5737 245.00000000
27.5795 245.00000000
27.6376 234.57446809
27.6434 234.57446809
27.6492 229.68750000
27.6550 229.68750000
27.6608 212.01923077
27.6666 225.00000000
27.6724 225.00000000
27.6782 229.68750000
27.6840 229.68750000
27.6898 204.16666667
27.6956 208.01886792
27.7014 208.01886792
27.7072 208.01886792
27.7130 208.01886792
27.7188 216.17647059
27.8930   0.00000000
27.8988   0.00000000
27.9046   0.00000000
27.9104   0.00000000
27.9162   0.00000000
27.9220   0.00000000
27.9278   0.00000000
27.9336   0.00000000
27.9394   0.00000000
27.9452   0.00000000
27.9510   0.00000000
27.9568 193.42105263
27.9626 193.42105263
27.9684 193.42105263
27.9742 193.42105263
27.9800 193.42105263
27.9859 193.42105263
27.9917 193.42105263
27.9975 193.42105263
28.0033 193.42105263
28.0091 193.42105263
28.0149 193.42105263
28.0207 193.42105263
28.0265 193.42105263
28.0323 193.42105263
28.0381 193.42105263
28.0439 193.42105263
28.0497 190.08620690
28.0555 190.08620690
28.0613 190.08620690
28.0671 190.08620690
28.0729 190.08620690
28.0787 190.08620690
28.0845 190.08620690
28.0903 190.08620690
28.0961 193.42105263
28.1020 193.42105263
28.1078 193.42105263
28.1136 193.42105263
28.1194 193.42105263
28.1252 193.42105263
28.1310 193.42105263
28.1368 193.42105263
28.1426 193.42105263
28.1484 193.42105263
28.1542 193.42105263
28.1600 190.08620690
28.1658 186.86440678
28.1716 186.86440678
28.1774 186.86440678
28.1832 186.86440678
28.1890 186.86440678
28.1948 186.86440678
28.2006 186.86440678
28.2064 186.86440678
28.2122 186.86440678
28.2180 190.08620690
28.2239 190.08620690
28.2297 190.08620690
28.2355 193.42105263
28.2413 193.42105263
28.4677   0.00000000
28.4735   0.00000000
28.4793 180.73770492
28.4851 175.00000000
28.4909 175.00000000
28.4967 180.73770492
28.5025 180.73770492
28.5083 180.73770492
28.5141 180.73770492
28.5199 186.86440678
28.5257 193.42105263
28.5315 193.42105263
28.5373 196.87500000
28.5431 196.87500000
28.5489 204.16666667
28.5547 204.16666667
28.5605 204.16666667
28.5663 204.16666667
28.5722 204.16666667
28.5780 204.16666667
28.5838 204.16666667
28.5896 204.16666667
28.5954 204.16666667
28.6012 204.16666667
28.6070 204.16666667
28.6128 204.16666667
28.6186 208.01886792
28.6244 208.01886792
28.6302 208.01886792
28.6360 212.01923077
28.6418 212.01923077
28.6476 212.01923077
28.6534 212.01923077
28.6592 212.01923077
28.6650 212.01923077
28.6708 212.01923077
28.6766 216.17647059
28.6824 216.17647059
28.6883 216.17647059
28.6941 216.17647059
28.6999 216.17647059
28.7057 216.17647059
28.7115 216.17647059
28.7173 216.17647059
28.7231 216.17647059
28.7289 216.17647059
28.7347 216.17647059
28.7405 216.17647059
28.7463 216.17647059
28.7521 216.17647059
28.7579 216.17647059
28.7637 216.17647059
28.7695 216.17647059
28.7753 216.17647059
28.7811 216.17647059
28.7869 216.17647059
28.7927 216.17647059
28.7985 212.01923077
28.8044 212.01923077
28.8102 212.01923077
28.8160 212.01923077
28.8218 212.01923077
28.8276 212.01923077
28.8334 212.01923077
28.8392 212.01923077
28.8450 212.01923077
28.8508 212.01923077
28.8566 212.01923077
28.8624 212.01923077
28.8682 212.01923077
28.8740 212.01923077
28.8798 212.01923077
28.8856 212.01923077
28.8914 212.01923077
28.8972 212.01923077
28.9030 212.01923077
28.9088 212.01923077
28.9146 212.01923077
28.9205 212.01923077
28.9263 216.17647059
28.9321 216.17647059
28.9379 216.17647059
28.9437 216.17647059
28.9495 216.17647059
29.2455   0.00000000
29.2513   0.00000000
29.2571   0.00000000
29.2629   0.00000000
29.2688   0.00000000
29.2746   0.00000000
29.2804   0.00000000
29.2862   0.00000000
29.2920   0.00000000
29.2978   0.00000000
29.3036   0.00000000
29.3094   0.00000000
29.3152   0.00000000
29.3210   0.00000000
29.3268 262.50000000
29.3326 262.50000000
29.3384 256.39534884
29.3442 256.39534884
29.3500 256.39534884
29.3558 256.39534884
29.3616 256.39534884
29.3674 256.39534884
29.3732 256.39534884
29.3790 250.56818182
29.3849 250.56818182
29.3907 250.56818182
29.3965 245.00000000
29.4023 245.00000000
29.4081 245.00000000
29.4139 245.00000000
29.4197 245.00000000
29.4255 245.00000000
29.5184   0.00000000
29.5242   0.00000000
29.5300   0.00000000
29.5358   0.00000000
29.5416   0.00000000
29.5474   0.00000000
29.5532   0.00000000
29.5590 193.42105263
29.5648 193.42105263
29.5706 196.87500000
29.5764 200.45454545
29.5822 200.45454545
29.5880 216.17647059
29.5938 216.17647059
29.5996 225.00000000
29.6054 229.68750000
29.6112 229.68750000
29.6171 229.68750000
29.6229 229.68750000
29.6287 229.68750000
29.6345 229.68750000
29.6403 234.57446809
29.6461 234.57446809
29.6519 234.57446809
29.6577 234.57446809
29.6635 234.57446809
29.6693 234.57446809
29.6751 234.57446809
29.6809 234.57446809
29.6867 234.57446809
29.6925 234.57446809
29.6983 234.57446809
29.7041 234.57446809
29.7099 229.68750000
29.7157 229.68750000
29.7215 229.68750000
29.7273 229.68750000
29.7332 229.68750000
29.7390 229.68750000
29.7448 229.68750000
29.7506 229.68750000
29.7564 225.00000000
29.7622 225.00000000
29.7680 225.00000000
29.7738 225.00000000
29.7796 225.00000000
29.7854 225.00000000
29.7912 225.00000000
29.7970 220.50000000
29.8028 220.50000000
29.8086 220.50000000
29.8144 220.50000000
29.8202 220.50000000
29.8260 220.50000000
29.8318 220.50000000
29.8376 220.50000000
29.8434 220.50000000
29.8493 220.50000000
29.8551 220.50000000
29.8609 220.50000000
29.8667 220.50000000
29.8725 220.50000000
29.8783 220.50000000
30.0582   0.00000000
30.0640   0.00000000
30.0698   0.00000000
30.0756   0.00000000
30.0815   0.00000000
30.0873   0.00000000
30.0931   0.00000000
30.0989   0.00000000
30.1047   0.00000000
30.1105 196.87500000
30.1163 169.61538462
30.1221 169.61538462
30.1279 169.61538462
30.1337 169.61538462
30.1395 169.61538462
30.1453 169.61538462
30.1511 169.61538462
30.1569 172.26562500
30.1627 172.26562500
30.1685 175.00000000
30.1743 175.00000000
30.1801 177.82258065
30.1859 180.73770492
30.1917 180.73770492
30.1976 183.75000000
30.2034 183.75000000
30.2092 186.86440678
30.2150 186.86440678
30.2208 186.86440678
30.2266 190.08620690
30.2324 190.08620690
30.2382 190.08620690
30.2440 190.08620690
30.2498 193.42105263
30.2556 193.42105263
30.2614 193.42105263
30.3253 190.08620690
30.3311 190.08620690
30.3369 190.08620690
30.3427 190.08620690
30.3485 190.08620690
30.3543 190.08620690
30.3601 190.08620690
30.3659 190.08620690
30.3717 190.08620690
30.3775 190.08620690
30.3833 190.08620690
30.3891 190.08620690
30.3949 190.08620690
30.4007 186.86440678
30.4065 186.86440678
30.4123 186.86440678
30.4181 186.86440678
30.4239 186.86440678
30.4298 186.86440678
30.4356 186.86440678
30.4414 186.86440678
30.4472 193.42105263
30.4530 193.42105263
30.4588 193.42105263
30.4646 193.42105263
30.4704 193.42105263
30.4762 193.42105263
30.4820 193.42105263
30.4878 193.42105263
30.4936 193.42105263
30.4994 193.42105263
30.5052 193.42105263
30.5110 193.42105263
30.5168 190.08620690
30.5226 190.08620690
30.5284 190.08620690
30.5342 190.08620690
30.5400 190.08620690
30.5459 190.08620690
30.5517 190.08620690
30.5575 190.08620690
30.5633 190.08620690
30.5691 190.08620690
30.5749 190.08620690
30.5807 190.08620690
30.5865 190.08620690
30.5923 190.08620690
30.5981 193.42105263
30.6039 193.42105263
30.6097 193.42105263
30.6155 193.42105263
30.6213 193.42105263
30.6271 193.42105263
30.6329 193.42105263
30.6387 193.42105263
30.6445 193.42105263
30.6503 193.42105263
30.6561 193.42105263
30.6620 193.42105263
30.6678 190.08620690
30.6736 190.08620690
30.6794 190.08620690
30.6852 186.86440678
30.6910 186.86440678
30.6968 186.86440678
30.7026 186.86440678
30.7084 186.86440678
30.7142 186.86440678
30.7200 186.86440678
30.7258 186.86440678
30.7316 186.86440678
30.7374 190.08620690
30.7432 190.08620690
30.7490 190.08620690
30.7548 190.08620690
30.7606 193.42105263
30.7664 196.87500000
30.7722 196.87500000
30.7780 196.87500000
30.7839 196.87500000
