0.9694  47.90984378
0.9752  47.90984378
0.9810  47.90984378
0.9868  47.90984378
0.9927  47.90984378
0.9985  47.90984378
1.0043  47.90984378
1.0101  47.90984378
1.0159  47.90984378
1.0217  47.90984378
1.0275  45.73593074
1.0333  45.73593074
1.0391  43.95021645
1.0449  43.95021645
1.0507  34.42640693
1.0565  37.40259740
1.0623  37.40259740
1.0681  32.40259740
1.0739  32.40259740
1.0797  30.34377387
1.0855  30.34377387
1.0913  30.34377387
1.0971  30.34377387
1.1029  30.34377387
1.1088  30.34377387
1.1146  30.34377387
1.1204  35.89932943
1.1262  44.23266276
1.1320  44.23266276
1.1378  44.23266276
1.1436  44.23266276
1.1494  56.73266276
1.1552  56.73266276
1.1610  56.73266276
1.1668  56.73266276
1.1726  56.73266276
1.1784  56.73266276
1.1842  56.73266276
1.1900  56.73266276
1.1958  60.06599610
1.2016  60.06599610
1.2074  60.06599610
1.2132  60.06599610
1.2190  60.06599610
1.2249  60.06599610
1.2307  63.00717257
1.2365  63.00717257
1.2423  63.00717257
1.2481  66.34050590
1.2539  66.34050590
1.2597  69.91193447
1.2655  69.91193447
1.2713  69.91193447
1.2771  69.91193447
1.2829  69.91193447
1.2887  69.91193447
1.2945  69.91193447
1.3003  73.48336304
1.3061  73.48336304
1.3119  73.48336304
1.3177  73.48336304
1.3235  73.48336304
1.3293  71.81669638
1.3351  71.81669638
1.3410  71.81669638
1.3468  71.81669638
1.3526  71.81669638
1.3584  70.60457516
1.3642  70.60457516
1.3700  70.36647993
1.3758  70.36647993
1.3816  70.36647993
1.3874  70.36647993
1.3932  70.36647993
1.3990  70.36647993
1.4048  70.36647993
1.4106  74.21263377
1.4164  79.21263377
1.4222  79.21263377
1.4280  81.38654681
1.4338  81.38654681
1.4396  81.38654681
1.4454  74.24368967
1.4512  74.24368967
1.4571  67.10083253
1.5441  56.72910050
1.5499  44.22910050
1.5557  44.22910050
1.5615  44.22910050
1.5673  44.22910050
1.5732  44.22910050
1.5790  44.22910050
1.5848  44.22910050
1.5906  44.22910050
1.5964  40.89576717
1.6022  40.89576717
1.6080  40.89576717
1.6138  40.89576717
1.6196  40.89576717
1.6254  37.95459070
1.6312  37.95459070
1.6370  37.95459070
1.6428  37.95459070
1.6486  34.62125737
1.6544  34.62125737
1.6602  31.04982879
1.6660  31.04982879
1.6718  31.04982879
1.6776  31.04982879
1.6834  31.04982879
1.6893  31.04982879
1.6951  27.47840022
1.7009  27.47840022
1.7067  27.47840022
1.7125  27.47840022
1.7183  27.47840022
1.7241  27.47840022
1.7299  24.14506689
1.7357  24.14506689
1.7415  24.14506689
1.7473  24.14506689
1.7531  24.14506689
1.7589  20.81173356
1.7647  20.81173356
1.7705  17.47840022
1.7763  17.47840022
1.7821  17.47840022
1.7879  17.47840022
1.7937  17.47840022
1.7995  17.47840022
1.8054  13.63224638
1.8112  13.63224638
1.8170   8.63224638
1.8228   8.63224638
1.8286   6.45833333
1.8344   6.45833333
1.8402   6.45833333
1.8460  10.02976190
1.8518  10.02976190
1.8576  10.02976190
1.8634  10.02976190
1.8692  10.02976190
1.8750   6.69642857
1.8808   6.69642857
1.8866  10.26785714
1.8924  10.26785714
1.8982  10.26785714
1.9040  10.26785714
1.9098  10.26785714
1.9156  10.98901099
1.9215  10.98901099
1.9273  16.54456654
1.9331  16.54456654
1.9389  16.54456654
1.9447  16.54456654
1.9505  16.54456654
1.9563  16.54456654
1.9621  16.54456654
1.9679  16.54456654
2.0317  37.02075702
2.0376  37.02075702
2.0434  37.02075702
2.0492  37.02075702
2.0550  37.02075702
2.0608  37.02075702
2.0666  37.02075702
2.0724  37.02075702
2.0782  37.02075702
2.0840  37.02075702
2.0898  37.02075702
2.0956  37.02075702
2.1014  37.02075702
2.1072  37.02075702
2.1130  37.02075702
2.1188  37.02075702
2.1246  37.02075702
2.1304  37.02075702
2.1362  37.02075702
2.1420  37.02075702
2.1478  37.02075702
2.1537  37.02075702
2.1595  37.02075702
2.1653  37.02075702
2.1711  37.02075702
2.1769  37.02075702
2.1827  37.02075702
2.1885  40.35409035
2.1943  40.35409035
2.2001  40.35409035
2.2059  40.35409035
2.2117  40.35409035
2.2175  40.35409035
2.2233  40.35409035
2.2291  40.35409035
2.2349  40.35409035
2.2407  40.35409035
2.2465  36.78266178
2.2523  36.78266178
2.2581  43.92551893
2.2639  43.92551893
2.2698  43.92551893
2.2756  50.17551893
2.2814  50.17551893
2.2872  46.60409035
2.2930  46.60409035
2.2988  52.85409035
2.3046  52.85409035
2.3104  55.02800340
2.3162  54.75327812
2.3220  54.75327812
2.3278  49.19772257
2.3336  49.19772257
2.3394  54.75327812
2.3452  54.75327812
2.3510  54.75327812
2.3568  64.75327812
2.3626  64.75327812
2.3684  64.75327812
2.3742  64.75327812
2.3800  66.97550035
2.3859  63.64216701
2.3917  63.64216701
2.3975  63.43383368
2.4033  63.43383368
2.4091  65.65605590
2.4149  65.65605590
2.4207  58.51319876
2.4265  58.51319876
2.4323  58.51319876
2.4381  64.06875431
2.4439  64.06875431
2.4497  70.31875431
2.4555  75.87430987
2.4613  75.87430987
2.4671  75.87430987
2.4729  75.87430987
2.4787  75.87430987
2.4845  75.87430987
2.4903  75.87430987
2.4961  75.87430987
2.5020  75.87430987
2.5078  75.87430987
2.5136  75.87430987
2.5194  75.87430987
2.5252  75.87430987
2.5310  75.87430987
2.5368  75.87430987
2.5426  75.87430987
2.5484  75.87430987
2.5542  75.87430987
2.5600  75.87430987
2.5658  75.87430987
2.5716  75.87430987
2.5774  75.87430987
2.5832  75.87430987
2.5890  72.54097654
2.5948  72.54097654
2.6006  72.54097654
2.6064  72.54097654
2.6122  72.54097654
2.6180  72.54097654
2.6239  72.54097654
2.6297  76.70764320
2.6355  80.87430987
2.6413  80.87430987
2.6471  85.04097654
2.6529  85.04097654
2.6587  82.06478606
2.6645  82.06478606
2.6703  86.23145273
2.6761  84.14811939
2.6819  84.14811939
2.6877  88.31478606
2.6935  88.31478606
2.6993  86.23145273
2.7051  88.22420635
2.7109  88.22420635
2.7167  88.81944444
2.7225  88.81944444
2.7283  92.98611111
2.7341  92.98611111
2.7400  91.59722222
2.7458  95.76388889
2.7516  95.76388889
2.7574  89.93055556
2.7632  89.93055556
2.7690  94.09722222
2.8386  89.69017094
2.8444  89.69017094
2.8502  83.44017094
2.8561  81.00961538
2.8619  81.00961538
2.8677  81.00961538
2.8735  81.00961538
2.8793  81.00961538
2.8851  81.00961538
2.8909  81.00961538
2.8967  81.00961538
2.9025  81.00961538
2.9083  81.00961538
2.9141  81.00961538
2.9199  84.85576923
2.9257  84.85576923
2.9315  84.85576923
2.9373  89.02243590
2.9431  89.02243590
2.9489  93.18910256
2.9547  93.18910256
2.9605  97.35576923
2.9663 101.52243590
2.9722 101.52243590
2.9780 105.68910256
2.9838 105.68910256
2.9896 109.85576923
2.9954 114.02243590
3.0012 114.02243590
3.0070 114.02243590
3.0128 114.02243590
3.0186 117.35576923
3.0244 117.35576923
3.0302 117.35576923
3.0360 117.35576923
3.0418 117.35576923
3.0476 117.35576923
3.0534 117.35576923
3.0592 117.35576923
3.0650 117.35576923
3.0708 117.35576923
3.0766 117.35576923
3.0824 117.35576923
3.0883 117.35576923
3.0941 117.35576923
3.0999 113.18910256
3.1057 113.18910256
3.1115 113.18910256
3.1173 113.18910256
3.1231 113.18910256
3.1289 113.18910256
3.1347 113.18910256
3.1405 113.18910256
3.1463 113.18910256
3.1521 113.18910256
3.1579 113.18910256
3.1637 113.18910256
3.1695 113.18910256
3.1753 113.50961538
3.1811 113.50961538
3.1869 113.83012821
3.1927 113.83012821
3.1985 114.15064103
3.2044 114.15064103
3.2102 118.31730769
3.2160 118.63782051
3.2218 118.63782051
3.2276 122.80448718
3.2334 122.80448718
3.2392 126.97115385
3.2450 126.97115385
3.2508 131.13782051
3.2566 132.17948718
3.2624 132.17948718
3.2682 136.34615385
3.2740 136.34615385
3.2856 144.03846154
3.2914 144.03846154
3.2972 147.88461538
3.3030 147.88461538
3.3088 151.73076923
3.3146 151.73076923
3.3205 151.73076923
3.3263 155.57692308
3.3321 155.57692308
3.3379 155.25641026
3.3437 155.25641026
3.3495 151.08974359
3.3553 152.47863248
3.3611 152.47863248
3.3669 148.31196581
3.3727 148.31196581
3.3843   0.00000000
3.3901   0.00000000
3.3959   0.00000000
3.4017   0.00000000
3.4075 150.77408702
3.4133 150.77408702
3.4191 147.44075369
3.4249 147.44075369
3.4307 151.60742036
3.4366 152.99630925
3.4424 152.99630925
3.4482 148.82964258
3.4540 148.82964258
3.4598 150.91297591
3.4656 149.68748572
3.4714 149.68748572
3.4772 145.52081905
3.4830 145.52081905
3.4888 141.35415238
3.4946 141.35415238
3.5004 146.90970794
3.5062 142.74304127
3.5120 142.74304127
3.5178 138.57637461
3.5236 138.57637461
3.5294 134.40970794
3.5352 137.38589842
3.5410 137.38589842
3.5468 136.16040822
3.5527 136.16040822
3.5585 136.99374155
3.5643 136.99374155
3.5701 132.82707489
3.5759 128.66040822
3.5817 128.66040822
3.5875 124.49374155
3.5933 124.49374155
3.5991 120.32707489
3.6049 120.32707489
3.6107 116.16040822
3.6165 111.99374155
3.6223 111.99374155
3.6281 107.82707489
3.6339 107.82707489
3.6397 103.66040822
3.6455  99.49374155
3.6513  99.49374155
3.6571  95.32707489
3.6629  95.32707489
3.6688  94.73183679
3.6746  94.73183679
3.6804  90.88568294
3.6862  90.37286243
3.6920  90.37286243
3.6978  89.86004192
3.7036  89.86004192
3.7094  92.26388807
3.7152  88.41773423
3.7210  88.41773423
3.7268  84.57158038
3.7326  84.57158038
3.7384  80.72542653
3.7442  80.72542653
3.7500  86.28098209
3.7558  85.72542653
3.7616  85.72542653
3.7674  90.72542653
3.7732  90.72542653
3.7790  91.17997199
3.7849  91.17997199
3.7907  94.09663866
3.7965  89.92997199
3.8023  89.92997199
3.8081  90.76330532
3.8139  90.76330532
3.8197  90.76330532
3.8255  86.00140056
3.8313  86.00140056
3.8371  85.44584500
3.8429  85.44584500
3.8487  91.00140056
3.8545  91.00140056
3.8603  84.75140056
3.8661  81.81022409
3.8719  81.81022409
3.8777  87.36577965
3.8835  87.36577965
3.8893  91.21193349
3.8951  91.21193349
3.9010  91.21193349
3.9068  95.37860016
3.9126  95.37860016
3.9184  99.22475400
3.9242  99.22475400
3.9300 103.07090785
3.9358  99.77420455
3.9416  99.77420455
3.9474 100.99969475
3.9532 100.99969475
3.9590  99.84584860
3.9648  99.84584860
3.9706 103.69200244
3.9764 103.69200244
3.9822 103.69200244
3.9880 103.69200244
3.9938 103.69200244
3.9996 103.69200244
4.0054 103.69200244
4.0112 103.69200244
4.0171 103.69200244
4.0229 103.69200244
4.0287 110.83485958
4.0345 110.83485958
4.0403 117.97771673
4.0461 117.97771673
4.0519 117.97771673
4.0577 117.97771673
4.0635 117.97771673
4.0693 114.40628816
4.0751 114.40628816
4.0809 114.40628816
4.0867 118.21581197
4.0925 118.21581197
4.0983 114.88247863
4.1041 114.88247863
4.1099 108.63247863
4.1157 115.77533578
4.1215 115.77533578
4.1273 115.77533578
4.1332 115.77533578
4.1390 115.77533578
4.1448 115.77533578
4.1506 113.79120879
4.1564 108.79120879
4.1622 108.79120879
4.1680 103.79120879
4.1738 103.79120879
4.1796  98.79120879
4.1854  93.79120879
4.1912  93.79120879
4.1970  93.79120879
4.2028  93.79120879
4.2086  88.79120879
4.2144  88.79120879
4.2202  88.79120879
4.2260  85.21978022
4.2318  85.21978022
4.2376  80.21978022
4.2434  80.21978022
4.2493  78.23565324
4.2551   0.00000000
4.2609   0.00000000
4.2667   0.00000000
4.9517  73.17159971
4.9575  67.61604415
4.9633  67.61604415
4.9691  66.92159971
4.9749  66.92159971
4.9807  70.91465526
4.9865  67.85909971
4.9923  67.85909971
4.9981  68.20632193
5.0039  68.20632193
5.0097  65.28234532
5.0155  64.24067866
5.0213  64.24067866
5.0271  51.74067866
5.0329  51.74067866
5.0387  52.29623421
5.0445  52.29623421
5.0503  55.60505774
5.0561  53.99215451
5.0620  53.99215451
5.0678  55.97628150
5.0736  55.97628150
5.0794  61.53183705
5.0852  63.58811411
5.0910  63.58811411
5.0968  63.58811411
5.1026  63.58811411
5.1084  63.58811411
5.1142  63.58811411
5.1200  63.58811411
5.1258  67.43426796
5.1316  67.43426796
5.1374  71.28042180
5.1432  71.28042180
5.1490  75.12657565
5.1548  75.12657565
5.1606  75.12657565
5.1664  73.27472380
5.1722  73.27472380
5.1780  71.55058587
5.1839  71.55058587
5.1897  71.55058587
5.1955  74.88391920
5.2013  74.88391920
5.2071  74.88391920
5.2129  74.88391920
5.2187  74.88391920
5.2245  74.88391920
5.2303  73.03206735
5.2361  76.87822119
5.2419  76.87822119
5.2477  76.87822119
5.2535  76.87822119
5.2593  74.87822119
5.2651  72.89409421
5.2709  72.89409421
5.2767  72.89409421
5.2825  72.89409421
5.2883  72.89409421
5.2941  72.89409421
5.3000  72.89409421
5.3058   0.00000000
5.3116   0.00000000
5.3174   0.00000000
5.3232   0.00000000
5.3290   0.00000000
5.3348   0.00000000
5.3406   0.00000000
5.3464   0.00000000
5.3522   0.00000000
5.3580   0.00000000
5.3638   0.00000000
5.5147 111.20046620
5.5205 111.20046620
5.5263 112.90986791
5.5322 112.90986791
5.5380 112.63514264
5.5438 112.63514264
5.5496 112.36041736
5.5554 120.69375069
5.5612 120.69375069
5.5670 125.23920524
5.5728 125.23920524
5.5786 129.40587191
5.5844 129.40587191
5.5902 136.54872905
5.5960 133.21539572
5.6018 133.21539572
5.6076 133.21539572
5.6134 133.21539572
5.6192 139.46539572
5.6250 146.60825286
5.6308 146.60825286
5.6366 149.90495615
5.6424 149.90495615
5.6483 154.45041070
5.6541 154.45041070
5.6599 161.59326784
5.6657 162.18850594
5.6715 162.18850594
5.6773 162.18850594
5.6831 162.18850594
5.6889 162.18850594
5.6947 162.18850594
5.7005 162.18850594
5.7063 164.04035779
5.7121 164.04035779
5.7179 164.04035779
5.7237 164.04035779
5.7295 165.89220964
5.7353 164.17263292
5.7411 164.17263292
5.7469 164.44735820
5.7527 164.44735820
5.7585 158.89180264
5.7644 158.89180264
5.7702 158.29656455
5.7760 148.29656455
5.7818 148.29656455
5.7876 144.96323121
5.7934 144.96323121
5.7992 140.79656455
5.8050 140.79656455
5.8108 136.25111000
5.8166 126.25111000
5.8224 126.25111000
5.8282 122.40495615
5.8340 122.40495615
5.8398 118.83352758
5.8456 113.27797203
5.8514 113.27797203
5.8572 103.27797203
5.8630 103.27797203
5.8688  98.73251748
5.8746  98.73251748
5.8805  93.17696193
5.8863  90.79600955
5.8921  90.79600955
5.8979  90.79600955
5.9037  90.79600955
5.9095  86.25055500
5.9153  86.25055500
5.9211  86.25055500
5.9269  80.69499944
5.9327  80.69499944
5.9385  77.12357087
5.9443  77.12357087
5.9501  73.55214230
5.9559  65.21880897
5.9617  65.21880897
5.9675  66.22890998
5.9733  66.22890998
5.9791  67.61779887
5.9849  67.61779887
5.9907  63.25271950
5.9966  68.80827506
6.0024  68.80827506
6.0082  68.80827506
6.0140  68.80827506
6.0198  62.55827506
6.0256  55.41541792
6.0314  55.41541792
6.0372  48.27256077
6.0430  48.27256077
6.0488  43.72710623
6.0546  43.72710623
6.0604  36.58424908
6.0662  32.41758242
6.0720  32.41758242
6.0778  32.41758242
6.0836  32.41758242
6.0894  32.41758242
6.0952  32.41758242
6.1010  32.41758242
6.1068  30.56573057
6.1127  30.56573057
6.1185  30.56573057
6.1243  30.56573057
6.1301  28.71387871
6.1359  26.86202686
6.1417  26.86202686
6.1475  23.01587302
6.1533  23.01587302
6.1591  23.01587302
6.1649  23.01587302
6.1707  19.44444444
6.1765  19.44444444
6.1823  19.44444444
6.1881  19.44444444
6.1939  19.44444444
6.1997  19.44444444
6.2055  19.44444444
6.2113  19.44444444
6.2171  19.44444444
6.2229  19.44444444
6.2288  19.44444444
6.2346  19.44444444
6.2404  19.44444444
6.2462  19.44444444
6.2520  19.44444444
6.2578  19.44444444
6.2636  19.44444444
6.2694  19.44444444
6.2752  19.44444444
6.2810  19.44444444
6.2868  23.01587302
6.2926  23.01587302
6.2984  23.01587302
6.3042  23.01587302
6.3100  23.01587302
6.3158  26.58730159
6.3216  26.58730159
6.3274  30.15873016
6.3332  30.15873016
6.3390  33.73015873
6.3449  33.73015873
6.3507  33.73015873
6.3565  33.73015873
6.3623  33.73015873
6.3681  31.74603175
6.3739  31.74603175
6.3797  29.76190476
6.3855  30.55555556
6.3913  30.55555556
6.3971  28.57142857
6.4029  28.57142857
6.4087  28.57142857
6.4145  28.57142857
6.4203  28.57142857
6.4261  28.57142857
6.4319  28.57142857
6.4377  28.57142857
6.4435  28.57142857
6.4493  32.14285714
6.4551  35.71428571
6.4610  35.71428571
6.4668  39.28571429
6.4726  39.28571429
6.4784  42.85714286
6.4842  42.85714286
6.4900  46.42857143
6.4958  50.00000000
6.5016  50.00000000
6.5074  53.57142857
6.5132  53.57142857
6.5190  57.14285714
6.5248  57.14285714
6.5306  60.71428571
6.5364  64.28571429
6.5422  64.28571429
6.5480  67.85714286
6.5538  67.85714286
6.5596  71.42857143
6.5654  75.27472527
6.5712  75.27472527
6.5771  79.12087912
6.5829  79.12087912
6.5887  79.12087912
6.5945  79.12087912
6.6003  79.12087912
6.6061  79.12087912
6.6119  79.12087912
6.6177  79.12087912
6.6235  79.12087912
6.6293  79.12087912
6.6351  79.12087912
6.6409  79.12087912
6.6467  79.12087912
6.6525  79.12087912
6.6583  79.12087912
6.6641  79.12087912
6.6699  79.12087912
6.6757  82.96703297
6.6815  82.96703297
6.6873  79.39560440
6.6932  79.39560440
6.6990  79.39560440
6.7048  79.39560440
6.7106  79.39560440
6.7164  77.90750916
6.7222  77.90750916
6.7280  74.33608059
6.7338  74.33608059
6.7396  70.76465201
6.7454  75.31010656
6.7512  75.31010656
6.7570  79.85556111
6.7628  79.85556111
6.7686  77.95079920
6.7744  77.95079920
6.7802  76.04603730
6.7860  74.14127539
6.7918  74.14127539
6.7976  73.20142577
6.8034  73.20142577
6.8093  75.83300471
6.8151  77.44590794
6.8209  77.44590794
6.8267  80.07748689
6.8325  80.07748689
6.8383  84.24415355
6.8441  84.24415355
6.8499  84.83939165
6.8557   0.00000000
6.8615   0.00000000
6.9602  77.08968522
6.9660  75.87511032
6.9718  75.87511032
6.9776  72.02895647
6.9834  72.02895647
6.9892  72.02895647
6.9950  73.75309440
7.0008  73.75309440
7.0066  77.59924825
7.0124  77.59924825
7.0182  80.09924825
7.0240  80.09924825
7.0298  84.64470279
7.0356  92.97803613
7.0415  92.97803613
7.0473 101.31136946
7.0531 101.31136946
7.0589 109.64470279
7.0647 109.64470279
7.0705 114.64470279
7.0763   0.00000000
7.0821   0.00000000
7.0879   0.00000000
7.0937   0.00000000
7.0995   0.00000000
7.1053   0.00000000
7.1111   0.00000000
7.1169   0.00000000
7.1227   0.00000000
7.1285   0.00000000
7.1343   0.00000000
7.1401   0.00000000
7.1459   0.00000000
7.1517   0.00000000
7.1576   0.00000000
7.1634   0.00000000
7.1692 164.62430652
7.1750 164.62430652
7.1808 167.95763986
7.1866 166.29097319
7.1924 166.29097319
7.1982   0.00000000
7.2040   0.00000000
7.2098   0.00000000
7.2156   0.00000000
7.2214   0.00000000
7.2272   0.00000000
7.2330   0.00000000
7.2388   0.00000000
7.2446   0.00000000
7.2504 180.94999979
7.2562 183.03333312
7.2620 183.03333312
7.2678 178.86666646
7.2737 178.86666646
7.2795 183.86666646
7.2853 188.86666646
7.2911 188.86666646
7.2969 184.69999979
7.3027 184.69999979
7.3085 180.85384594
7.3143 180.85384594
7.3201 180.85384594
7.3259 182.00769210
7.3317 182.00769210
7.3375 182.84102543
7.3433 182.84102543
7.3491 180.79557088
7.3549 180.79557088
7.3607 179.94970622
7.3665 177.31812728
7.3723 177.31812728
7.3781 182.31812728
7.3839 182.31812728
7.3898 185.25930375
7.4536 167.66520244
7.4594 164.88742467
7.4652 159.88742467
7.4710 159.88742467
7.4768 151.55409133
7.4826 151.55409133
7.4884 143.22075800
7.4942 143.22075800
7.5000 138.22075800
7.5059 129.88742467
7.5117 129.88742467
7.5175 125.40024518
7.5233 125.40024518
7.5291 119.24082489
7.5349 119.24082489
7.5407 114.24082489
7.5465 111.09267674
7.5523 111.09267674
7.5581 106.09267674
7.5639 106.09267674
7.5697 101.09267674
7.5755  96.09267674
7.5813  96.09267674
7.5871  96.09267674
7.5929  96.09267674
7.5987  89.84267674
7.6045  89.84267674
7.6103  83.59267674
7.6974  62.53253075
7.7032  62.53253075
7.7090  62.53253075
7.7148  62.53253075
7.7206  67.53253075
7.7264  69.67538789
7.7322  69.67538789
7.7380  73.00872122
7.7439  73.00872122
7.7497  70.50872122
7.7555  68.72300694
7.7613  68.72300694
7.7671  68.72300694
7.7729  68.72300694
7.7787  63.72300694
7.7845  63.72300694
7.7903  60.78183047
7.7961  70.78183047
7.8019  70.78183047
7.8077  70.78183047
7.8135  70.78183047
7.8193  67.21040190
7.8251  62.66494735
7.8309  62.66494735
7.8367  59.09351878
7.8425  59.09351878
7.8483  64.09351878
7.8541  64.09351878
7.8600  60.91891560
7.8658  65.91891560
7.8716  65.91891560
7.8774  68.86009207
7.8832  68.86009207
7.8890   0.00000000
7.8948   0.00000000
7.9006   0.00000000
7.9064   0.00000000
7.9122   0.00000000
7.9180   0.00000000
7.9238   0.00000000
7.9296   0.00000000
7.9354   0.00000000
7.9412   0.00000000
7.9470   0.00000000
7.9528   0.00000000
7.9586   0.00000000
7.9644   0.00000000
7.9702   0.00000000
7.9761   0.00000000
7.9819   0.00000000
7.9877   0.00000000
7.9935   0.00000000
7.9993   0.00000000
8.0863   0.00000000
8.0922   0.00000000
8.0980   0.00000000
8.1038   0.00000000
8.1096   0.00000000
8.1154   0.00000000
8.1212   0.00000000
8.1270   0.00000000
8.1328   0.00000000
8.1386   0.00000000
8.1444   0.00000000
8.1502   0.00000000
8.1560   0.00000000
8.1618   0.00000000
8.1676   0.00000000
8.1734   0.00000000
8.1792   0.00000000
8.2315 114.40623919
8.2373 119.96179474
8.2431 119.96179474
8.2489 117.34274712
8.2547 117.34274712
8.2605 117.90297121
8.2663 112.90297121
8.2721 112.90297121
8.2779 109.96179474
8.2837 109.96179474
8.2895 106.11564090
8.2953 102.54421232
8.3011 102.54421232
8.3069 102.54421232
8.3127 102.54421232
8.3185 102.54421232
8.3244 102.54421232
8.3302  98.97278375
8.3360  94.42732921
8.3418  94.42732921
8.3476  90.58117536
8.3534  90.58117536
8.3592  91.28047606
8.3650  91.28047606
8.3708  91.28047606
8.3766  87.43432221
8.3824  87.43432221
8.3882  83.58816837
8.3940  83.58816837
8.3998  82.88886767
8.4056  82.88886767
8.4114  82.88886767
8.4172  82.88886767
8.4230  82.88886767
8.4288  82.88886767
8.4346  82.88886767
8.4405  79.31743910
8.4463  79.31743910
8.4521  79.31743910
8.5682  68.63187466
8.5740  68.63187466
8.5798  64.78572082
8.5856  60.61905415
8.5914  60.61905415
8.5972  56.07359960
8.6030  56.07359960
8.6088   0.00000000
8.6146   0.00000000
8.6204   0.00000000
8.6262   0.00000000
8.8004 127.43978244
8.8062 135.77311577
8.8120 135.77311577
8.8178 135.77311577
8.8236 135.77311577
8.8294 135.77311577
8.8352 135.77311577
8.8410 135.77311577
8.8468 135.77311577
8.8526 135.77311577
8.8584 132.20168720
8.8642 132.20168720
8.8700 132.20168720
8.8758 127.65623266
8.8816 127.65623266
8.8874 127.65623266
8.8932 127.65623266
8.8990 124.08480408
8.9049 124.08480408
8.9107 120.51337551
8.9165 116.94194694
8.9223 116.94194694
8.9281 116.94194694
8.9339 116.94194694
8.9397 116.94194694
8.9455 113.37051837
8.9513 113.37051837
8.9571 112.53718504
8.9629 112.53718504
8.9687 116.70385170
8.9745 116.70385170
8.9803 120.87051837
8.9861 125.03718504
8.9919 125.03718504
8.9977 129.20385170
9.0035 129.20385170
9.0093 126.22766123
9.0151 124.83877234
9.0210 124.83877234
9.0268 124.45998446
9.0326 124.45998446
9.0384   0.00000000
9.1429 104.97494172
9.1487 102.05827506
9.1545 102.05827506
9.1603 101.22494172
9.1661  92.05827506
9.1719  92.05827506
9.1777  89.14160839
9.1835  89.14160839
9.1893  88.62878788
9.1951  91.96212121
9.2009  91.96212121
9.2067  87.20021645
9.2125  87.20021645
9.2183  93.45021645
9.2241  93.45021645
9.2299  93.45021645
9.2357  99.00577201
9.2415  99.00577201
9.2473  99.00577201
9.2532  99.00577201
9.2590  99.00577201
9.2648  99.00577201
9.2706  99.00577201
9.2764  99.00577201
9.2822  99.00577201
9.2880  99.00577201
9.2938  99.00577201
9.2996  99.00577201
9.3054  99.00577201
9.3112  99.00577201
9.3170  99.00577201
9.3228  99.00577201
9.3286 103.17243867
9.3344 103.17243867
9.3402 107.33910534
9.3460 111.50577201
9.3518 111.50577201
9.3576 111.50577201
9.3634 111.50577201
9.3693   0.00000000
9.6363  82.76260504
9.6421  82.76260504
9.6479  82.76260504
9.6537  82.76260504
9.6595  87.76260504
9.6653  92.76260504
9.6711  92.76260504
9.6769  95.03533231
9.8859 153.33447899
9.8917 153.33447899
9.8975 147.77892343
9.9033 147.77892343
9.9091 149.16781232
9.9149 149.16781232
9.9207 149.16781232
9.9265 147.08447899
9.9323 147.08447899
9.9381 143.75114566
9.9439 143.75114566
9.9498 144.97663585
9.9556 145.48945636
9.9614 145.48945636
9.9672 145.48945636
9.9730 145.48945636
9.9788 149.06088494
9.9846 149.06088494
9.9904 151.83866271
9.9962 153.92199605
10.0020 153.92199605
10.0078 157.49342462
10.0136 157.49342462
10.0194 158.18786906
10.0252 158.18786906
10.0310 158.18786906
10.0368 155.41009128
10.0426 155.41009128
10.0484 155.41009128
10.0542 155.41009128
10.0600 150.41009128
10.0659 145.41009128
10.0717 145.41009128
10.0775 143.13736401
10.1587 132.52838965
10.1645 132.52838965
10.1703 131.69505632
10.1761 128.75387985
10.1820 128.75387985
10.1878 126.12230090
10.1936 126.12230090
10.1994 121.57684636
10.2052 116.57684636
10.2110 116.57684636
10.2168 113.63566989
10.2226 113.63566989
10.2284 105.30233655
10.2342 105.30233655
10.2400 107.01173826
10.2458 110.29456654
10.2516 110.29456654
10.2574 101.96123321
10.2632 101.96123321
10.2690 101.26678877
10.2748 101.26678877
10.2806  98.48901099
10.2864  98.48901099
10.2922  98.48901099
10.2980 104.73901099
10.3039 104.73901099
10.3097  99.18345543
10.3155 103.72890998
10.3213 103.72890998
10.3271 103.72890998
10.3329 103.72890998
10.3387 103.72890998
10.3445 103.72890998
10.3503 103.72890998
10.3561  99.88275613
10.3619  99.88275613
10.3677  99.32720058
10.3735  99.32720058
10.3793  95.75577201
10.3851  90.20021645
10.3909  90.20021645
10.3967  83.95021645
10.4025  83.95021645
10.4083  80.37878788
10.4141  80.37878788
10.4200  74.12878788
10.4258  77.97494172
10.4316  77.97494172
10.4374  81.82109557
10.4432  81.82109557
10.4490  85.66724942
10.4548  85.66724942
10.7683   0.00000000
10.7741   0.00000000
10.7799 133.42099929
10.7857 133.42099929
10.7915 133.42099929
10.7973   0.00000000
10.8031   0.00000000
10.8089   0.00000000
10.8147   0.00000000
10.8205   0.00000000
10.8263   0.00000000
10.9540 146.53555236
10.9598 144.36163932
10.9656 138.80608376
10.9714 138.80608376
10.9772 138.08492992
10.9830 138.08492992
10.9888 131.83492992
10.9946 131.83492992
11.0005   0.00000000
11.0063   0.00000000
11.0121   0.00000000
11.0179   0.00000000
11.0237   0.00000000
11.0295   0.00000000
11.0353   0.00000000
11.0411   0.00000000
11.0469 131.22595556
11.0527 131.22595556
11.0585 132.61484445
11.0643 132.61484445
11.0701 128.44817778
11.0759 124.28151111
11.0817 124.28151111
11.0875 123.72595556
11.0933 123.72595556
11.0991 122.50046536
11.1049 122.50046536
11.1107 122.50046536
11.1166 125.27824314
11.1224 125.27824314
11.1282 122.50046536
11.1340 122.50046536
11.1398 116.94490981
11.1456 112.77824314
11.1514 112.77824314
11.1572 107.22268758
11.1630 107.22268758
11.1688 104.94996031
11.1746 104.94996031
11.1804  92.44996031
11.1862  97.44996031
11.1920  97.44996031
11.1978  94.32496031
11.2036  94.32496031
11.2094  91.19996031
11.2152  90.40630952
11.2210  90.40630952
11.2268  89.07297618
11.2327  89.07297618
11.2385  82.82297618
11.2443  82.82297618
11.2501  76.57297618
11.2559  73.00154761
11.2617  73.00154761
11.2675  74.98567460
11.2733  74.98567460
11.2791  77.20789682
11.2849  77.20789682
11.2907  83.45789682
11.2965  84.88646825
11.3023  84.88646825
11.3081  85.71980158
11.3139  85.71980158
11.3197   0.00000000
11.3255   0.00000000
11.3313   0.00000000
11.3371   0.00000000
11.3429   0.00000000
11.3488   0.00000000
11.3546   0.00000000
11.4939 108.07304460
11.4997 109.29853480
11.5055 113.46520147
11.5113 113.46520147
11.5171 114.85409035
11.5229 114.85409035
11.5287 116.24297924
11.5345 116.24297924
11.5403 120.40964591
11.5461 124.57631258
11.5519 124.57631258
11.5577 128.74297924
11.5635 128.74297924
11.5693 132.90964591
11.5751 137.07631258
11.5810 137.07631258
11.5868 136.24297924
11.5926 136.24297924
11.5984 138.74297924
11.6042 138.74297924
11.6100 142.90964591
11.6158 144.29853480
11.6216 144.29853480
11.6274 146.46520147
11.6332 146.46520147
11.6390   0.00000000
11.6448   0.00000000
11.6506   0.00000000
11.6564   0.00000000
11.6622   0.00000000
11.6680   0.00000000
11.6738   0.00000000
11.8538 151.97244784
11.8596 154.11530498
11.8654 148.75816213
11.8712 148.75816213
11.8770 141.61530498
11.8828 141.61530498
11.8886 141.89308276
11.8944 141.89308276
11.9002   0.00000000
11.9060 139.27870368
11.9118 139.27870368
11.9176 138.05321348
11.9234 138.05321348
11.9293 139.44210237
11.9351 141.52543570
11.9409 141.52543570
11.9467   0.00000000
11.9525   0.00000000
11.9583 140.26280944
11.9641 140.26280944
11.9699 138.17947611
11.9757 136.01280944
11.9815 136.01280944
11.9873 136.84614277
11.9931 136.84614277
11.9989 136.42947611
12.0047 136.42947611
12.0105   0.00000000
12.0163   0.00000000
12.0221   0.00000000
12.0279 135.96156167
12.0337 135.96156167
12.0395 131.79489500
12.0454 133.22346643
12.0512 133.22346643
12.0570 134.61235532
12.0628 134.61235532
12.0686 135.44568865
12.0744 135.44568865
12.0802 134.05679976
12.0860 131.89013310
12.0918 131.89013310
12.0976 133.27902199
12.1034 133.27902199
12.1092 129.11235532
12.1150 129.94568865
12.1208 129.94568865
12.1266 132.72346643
12.1324 132.72346643
12.1382 128.55679976
12.1440 128.55679976
12.1498 129.39013310
12.1556 122.16791088
12.1615 122.16791088
12.1673 127.16791088
12.1731 127.16791088
12.1789 126.61235532
12.1847 126.61235532
12.1905 127.76620147
12.1963 127.76620147
12.2021 127.76620147
12.2079 130.54397925
12.2137 130.54397925
12.2195 126.97255068
12.2253 126.97255068
12.2311 126.97255068
12.2369 126.97255068
12.2427 126.97255068
12.2485 127.57641541
12.2543 127.57641541
12.2601 123.21133605
12.2659 118.84625668
12.2717 118.84625668
12.2776 118.84625668
12.2834 118.84625668
12.2892 116.06847891
12.2950 116.06847891
12.3008 113.29070113
12.3066 110.34952466
12.3124 110.34952466
12.3182 107.40834819
12.3240 107.40834819
12.3298 106.85279263
12.3356 100.60279263
12.3414 100.60279263
12.3472 104.08764112
12.3530 104.08764112
12.3588 103.53208556
12.3646 103.53208556
12.3704 101.44875223
12.3762 103.61541889
12.3820 103.61541889
12.3878 104.17097445
12.3937 104.17097445
12.3995 102.08764112
12.4053  97.54218657
12.4111  97.54218657
12.4169  92.99673203
12.4227  92.99673203
12.4285  90.05555556
12.4343  90.05555556
12.4401  90.05555556
12.4459  85.05555556
12.4517  85.05555556
12.4575  83.34615385
12.4633  83.34615385
12.4691  82.19230769
12.4749  82.19230769
12.4807  83.26068376
12.4865  85.10683761
12.5504  76.77350427
12.5562  73.99572650
12.5620  73.99572650
12.5678  68.99572650
12.5736  68.99572650
12.5794  66.21794872
12.5852  61.21794872
12.5910  61.21794872
12.5968  65.06410256
12.6026  65.06410256
12.6084  62.28632479
12.6142  62.28632479
12.6200  62.28632479
12.6259  62.28632479
12.6317  62.28632479
12.6375  62.28632479
12.6433  62.28632479
12.6491  59.50854701
12.6549  59.50854701
12.6607  56.73076923
12.6665   0.00000000
12.6723   0.00000000
12.6781   0.00000000
12.6839   0.00000000
12.6897   0.00000000
12.6955   0.00000000
12.7013   0.00000000
12.7071   0.00000000
12.7129   0.00000000
12.7187   0.00000000
12.7245   0.00000000
12.7303   0.00000000
12.7361   0.00000000
12.7420   0.00000000
12.7478   0.00000000
12.7536   0.00000000
12.8755  85.16511267
12.8813  85.16511267
12.8871  81.31895882
12.8929  81.31895882
12.8987  81.31895882
12.9045  81.31895882
12.9103  77.98562549
12.9161  74.65229215
12.9219  74.65229215
12.9277  74.65229215
12.9335  74.65229215
12.9393  79.65229215
12.9451  79.65229215
12.9509  79.65229215
12.9567  84.65229215
12.9625  84.65229215
12.9683  89.65229215
12.9741  89.65229215
12.9800  89.65229215
12.9858  89.65229215
12.9916  89.65229215
12.9974  85.80613831
13.0032  85.80613831
13.0090  88.30613831
13.0148  88.30613831
13.0206  93.86169386
13.0264  97.70784771
13.0322  97.70784771
13.0380 102.25330225
13.0438 102.25330225
13.0496 107.25330225
13.0554 107.25330225
13.0612 107.25330225
13.0670 110.03108003
13.0728 110.03108003
13.0786 105.03108003
13.0844 105.03108003
13.0902 110.58663559
13.0961 110.58663559
13.1019 110.58663559
13.1077 106.74048174
13.1135 106.74048174
13.1193 111.74048174
13.1251 112.89432789
13.1309 112.89432789
13.1367 118.44988345
13.1425 118.44988345
13.1483 118.44988345
13.1541 118.44988345
13.1599 118.44988345
13.1657 114.60372960
13.1715 114.60372960
13.1773 114.60372960
13.1831 114.60372960
13.1889 120.15928516
13.1947 120.15928516
13.2005 120.15928516
13.2063 113.90928516
13.2122 113.90928516
13.2180 116.13150738
13.2238 116.13150738
13.2296 103.63150738
13.2354  99.08605284
13.2412  99.08605284
13.2470  93.53049728
13.2528  93.53049728
13.2586  87.28049728
13.2644  87.28049728
13.2702  74.78049728
13.2760  78.62665113
13.2818  78.62665113
13.2876  78.62665113
13.2934  78.62665113
13.2992  78.62665113
13.3050  78.62665113
13.3108  78.62665113
13.3166  78.62665113
13.3224  78.62665113
13.3283  78.62665113
13.3341  78.62665113
13.3399  70.29331779
13.3457  70.29331779
13.3515  70.29331779
13.3573  65.29331779
13.3631  65.29331779
13.3689  60.29331779
13.3747  60.29331779
13.3805  64.13947164
13.3863  64.13947164
13.3921  64.13947164
13.3979  64.13947164
13.4037  64.13947164
13.4095  65.48562549
13.4153  63.77622378
13.4211  63.77622378
13.4269  63.77622378
13.4327  63.77622378
13.4385  63.07692308
13.4444  63.07692308
13.4502  61.92307692
13.4560  65.76923077
13.4618  65.76923077
13.4676  66.83760684
13.4734  66.83760684
13.4792  70.68376068
13.4850  70.68376068
13.4908  68.97435897
13.4966  72.82051282
13.5024  72.82051282
13.5082  76.66666667
13.5140  76.66666667
13.5198  75.51282051
13.5256  74.35897436
13.5314  74.35897436
13.5372  72.64957265
13.5430  72.64957265
13.5488  76.49572650
13.5546  76.49572650
13.5605  80.34188034
13.5663  84.18803419
13.5721  84.18803419
13.5779  88.03418803
13.5837  88.03418803
13.5895  86.32478632
13.5953  90.17094017
13.6011  90.17094017
13.6069  94.01709402
13.6127  94.01709402
13.6185  92.30769231
13.6243  92.30769231
13.6301  96.15384615
13.6359 100.00000000
13.6417 100.00000000
13.6475 103.84615385
13.6533 103.84615385
13.6591 107.69230769
13.6649 107.69230769
13.6707 111.53846154
13.6766 111.53846154
13.6824 111.53846154
13.6882 115.38461538
18.4308 146.87128940
18.4366 143.93011293
18.4424 143.93011293
18.4483 143.93011293
18.4541 143.93011293
18.4599 138.37455737
18.4657 136.10183010
18.4715 136.10183010
18.4773 131.10183010
18.4831 131.10183010
18.4889 127.97683010
18.4947 127.97683010
18.5005 125.34525115
18.5063 123.07252388
18.5121 123.07252388
18.5179 119.22637004
18.5237 119.22637004
18.5295 116.28519356
18.5353 110.72963801
18.5411 110.72963801
18.5469   0.00000000
18.5527   0.00000000
18.5585   0.00000000
18.5644   0.00000000
18.5702   0.00000000
18.6224  72.71681750
18.6282  69.93903972
18.6340  69.93903972
18.6398  63.68903972
18.6456  58.13348416
18.6514  58.13348416
18.6572  58.13348416
18.6630  58.13348416
18.6688  55.35570639
18.6746  55.35570639
18.6805  54.00955254
18.6863  51.39517345
18.6921  51.39517345
18.6979  44.52017345
18.7037  44.52017345
18.7095  37.70199164
18.7153  34.57699164
18.7211  34.57699164
18.7269  34.39316811
18.7327  34.39316811
18.7385  31.26816811
18.7443  31.26816811
18.7501  31.26816811
18.7559  31.26816811
18.7617  31.26816811
18.7675  35.11432195
18.7733  35.11432195
18.7791  36.71860003
18.7849  36.71860003
18.7907  49.21860003
18.7966  52.79002860
18.8024  52.79002860
18.8082  57.79002860
18.8140  57.79002860
18.8198  62.79002860
18.8256  65.42160755
18.8314  65.42160755
18.8372  70.97716310
18.8430  70.97716310
18.8488  70.97716310
18.8546  70.97716310
18.8604  74.54859167
18.8662  77.88192501
18.8720  77.88192501
18.9068  84.34025834
18.9127  84.34025834
18.9185  87.46525834
18.9243  87.46525834
18.9301  90.79859167
18.9359  90.79859167
18.9417  90.79859167
18.9475  97.94144882
18.9533  97.94144882
18.9591  97.94144882
18.9649  97.94144882
18.9707  97.94144882
18.9765 100.57302776
18.9823 100.57302776
18.9881  96.72687392
18.9939  96.72687392
18.9997  96.72687392
19.0055  96.72687392
19.0113  96.72687392
19.1274  84.60714724
19.1332  84.60714724
19.1390  84.60714724
19.1449  84.60714724
19.1507  84.60714724
19.1565  84.60714724
19.1623  84.60714724
19.1681  80.76099339
19.1739  80.76099339
19.1797  76.21553885
19.1855  66.21553885
19.1913  66.21553885
19.1971  65.42188805
19.2029  65.42188805
19.2087  63.19966583
19.2145  63.19966583
19.2203  60.97744361
19.2261  60.84586466
19.2319  60.84586466
19.2377  57.92188805
19.2435  57.92188805
19.2493  60.55346700
19.2551  62.53759398
19.2610  62.53759398
19.2668  64.75981621
19.2726  64.75981621
19.2784  65.59314954
19.2842  65.59314954
19.2900  65.59314954
19.2958  62.46814954
19.3016  62.46814954
19.3074  68.02370510
19.3132  68.02370510
19.3190  70.45426065
19.3248  70.45426065
19.3306  72.67648287
19.3364  77.22193742
19.3422  77.22193742
19.3480  70.07908028
19.3538  70.07908028
19.3596  70.07908028
19.3654  70.07908028
19.3712  70.07908028
19.3771  71.01892990
19.3829  71.01892990
19.3887  74.59035847
19.3945  74.59035847
19.4003  78.16178704
19.4061  78.16178704
19.4119  78.16178704
19.4177  81.97131085
19.4235  81.97131085
19.4293  78.84631085
19.4351  78.84631085
19.4409  78.84631085
19.4467  76.06853308
19.4525  76.06853308
19.4583  76.06853308
19.4641  76.06853308
19.4699  76.06853308
19.4757  76.06853308
19.4815  76.06853308
19.4873  76.06853308
19.4932  76.06853308
19.4990  76.06853308
19.5048  76.06853308
19.5106  76.06853308
19.5164  76.78968692
19.5222  76.78968692
19.5280  80.63584077
19.5338  80.63584077
19.5396  80.63584077
19.5454  80.63584077
19.5512  80.63584077
19.5570  80.63584077
19.5628  80.63584077
19.5686  80.63584077
19.5744  80.63584077
19.5802  80.63584077
19.5860  78.13584077
19.5918  78.13584077
19.5976  75.35806299
19.6034  75.35806299
19.6093  72.58028521
19.6151  69.80250743
19.6209  69.80250743
19.6267  67.30250743
19.6325  67.30250743
19.6383  64.67092849
19.6441  64.67092849
19.6499  62.03934954
19.6557  56.48379398
19.6615  56.48379398
19.6673  50.92823843
19.6731  50.92823843
19.6789  46.76157176
19.6847  46.76157176
19.6905  46.76157176
19.6963  46.76157176
19.7021  46.76157176
19.7079  45.05217005
19.7137  45.05217005
19.7195  44.04206904
19.7254  41.11809243
19.7312  41.11809243
19.7370  39.20421684
19.7428  39.20421684
19.7486  39.20421684
19.7544  39.20421684
19.7602  41.98199461
19.7660  41.98199461
19.7718  41.98199461
19.7776  41.18834382
19.7834  41.18834382
19.7892  37.61691525
19.7950  34.04548668
19.8008  34.04548668
19.8066  39.60104223
19.8124  39.60104223
19.8182  32.45818509
19.8240  32.45818509
19.8298  32.45818509
19.8356  32.45818509
19.8415  32.45818509
19.8473  32.45818509
19.8531  32.45818509
19.8589  39.60104223
19.8647  39.60104223
19.8705  39.60104223
19.8763  46.74389938
19.8821  46.74389938
19.8879  46.74389938
19.8937  46.74389938
19.8995  46.74389938
19.9053  50.91056604
19.9111  50.91056604
19.9169  51.23107886
19.9227  51.23107886
19.9285  51.55159168
19.9343  51.55159168
19.9401  53.93254406
19.9459   0.00000000
19.9517   0.00000000
19.9576   0.00000000
19.9634   0.00000000
19.9692   0.00000000
19.9750   0.00000000
19.9808   0.00000000
19.9866   0.00000000
19.9924   0.00000000
20.1027 107.14738478
20.1085 103.30123093
20.1143 103.30123093
20.1201 102.60193023
20.1259 103.81650513
20.1317 103.81650513
20.1375 105.03108003
20.1433 105.03108003
20.1491 108.87723388
20.1549 108.87723388
20.1607 106.09945610
20.1665 106.09945610
20.1723 106.09945610
20.1781 103.32167832
20.1839 103.32167832
20.1898 103.32167832
20.1956 103.32167832
20.2014 103.32167832
20.2072  97.76612277
20.2130  97.76612277
20.2188  97.76612277
20.2246  97.76612277
20.2304  97.76612277
20.2362 101.93278943
20.2420 101.93278943
20.2478 101.93278943
20.2536 101.93278943
20.2594  98.95659896
20.2652 101.45659896
20.2710 101.45659896
20.2768  95.92664504
20.2826  95.92664504
20.2884  98.55822399
20.2942  98.55822399
20.3000 101.18980293
20.3059  99.65471521
20.3117  99.65471521
20.3175  97.10095177
20.3233  97.10095177
20.3291  94.54718833
20.3349  94.54718833
20.3407  96.33290262
20.3465 100.49956929
20.3523 100.49956929
20.3581 100.49956929
20.3639 100.49956929
20.3697 102.99956929
20.3755 107.16623595
20.3813 107.16623595
20.3871 111.33290262
20.3929 111.33290262
20.3987 107.16623595
20.4045 107.16623595
20.4103 102.99956929
20.4161 100.22179151
20.4220 100.22179151
20.4278  96.37563766
20.4336  96.37563766
20.4394  88.04230433
20.4452  81.79230433
20.4510  81.79230433
20.4568  77.24684978
20.4626  77.24684978
20.4684  72.70139524
20.4742  72.70139524
20.4800  66.45139524
20.4858  66.45139524
20.4916  66.45139524
20.4974  70.61806190
20.5032  70.61806190
20.5090  74.46421575
20.5148  74.46421575
20.5671  68.24249629
20.5729  68.24249629
20.5787  72.40916296
20.5845  72.40916296
20.5903  76.57582963
20.5961  76.57582963
20.6019  76.57582963
20.6077  76.57582963
20.6135  76.57582963
20.6193  76.57582963
20.6251  76.57582963
20.6309  76.57582963
20.6367  72.40916296
20.6425  72.40916296
20.6483  76.57582963
20.6541  76.57582963
20.6600  76.57582963
20.6658  78.24249629
20.6716  78.24249629
20.6774  80.79625973
20.6832  80.79625973
20.6890  78.16468079
20.6948  78.16468079
20.7006  75.53310184
20.7064  72.90152289
20.7122  72.90152289
20.7180  71.28861967
20.7238  71.28861967
20.7296  69.67571644
20.7354  69.67571644
20.7412  69.67571644
20.7470  69.67571644
20.7528  69.67571644
20.7586  69.35520362
20.7644  69.35520362
20.7702  70.70135747
20.7761  70.38084465
20.7819  70.38084465
20.7877  66.21417798
20.7935  66.21417798
20.7993  71.76973353
20.8051  77.32528909
20.8109  77.32528909
20.8167  77.32528909
20.8225  77.32528909
20.8283  77.32528909
20.8341  77.32528909
20.8399  81.17144294
20.8457  83.55239532
20.8515  83.55239532
20.8573  86.49357179
20.8631  86.49357179
20.8689  88.27928607
20.8747  88.27928607
20.8805  90.13113793
20.8863  87.88754818
20.8922  87.88754818
20.8980  86.84588151
20.9038  86.84588151
20.9096  84.78544195
20.9154  88.95210862
20.9212  88.95210862
20.9270  91.64818705
20.9328  91.64818705
20.9386  95.81485372
20.9444  95.81485372
20.9502  93.58160310
20.9560  95.96255548
20.9618  95.96255548
20.9676  94.49735401
20.9734  94.49735401
20.9792  92.71163973
20.9850  90.92592544
20.9908  90.92592544
20.9966  92.48842544
21.0024  92.48842544
21.0083  95.12000439
21.0141  95.12000439
21.0199  97.50095677
21.0257  99.77368404
21.0315  99.77368404
21.0373 101.44035071
21.0431 101.44035071
21.0489  99.90526299
21.0547  99.90526299
21.0605  99.58475017
21.0663  99.26423735
21.0721  99.26423735
21.0779  98.94372453
21.0837  98.94372453
21.0895 102.78987838
21.0953 102.78987838
21.1011 102.78987838
21.1069 102.78987838
21.1127 102.78987838
21.1534 101.36130695
21.1592  97.51515310
21.1650  97.51515310
21.1708  93.66899926
21.1766  89.82284541
21.1824  89.82284541
21.1882  89.82284541
21.1940  89.82284541
21.1998  84.26728985
21.2056  78.71173430
21.2114  78.71173430
21.2172  78.71173430
21.2230  78.71173430
21.2288  95.37840096
21.2346  95.37840096
21.2405  91.53224712
21.2463  92.72272331
21.2521  92.72272331
21.2579  98.11488017
21.2637  98.11488017
21.2695 104.66249922
21.2753 111.14398070
21.2811 111.14398070
21.2869 109.22090378
21.2927 109.22090378
21.2985 106.09590378
21.3043 106.09590378
21.3101 104.31018949
21.3159 100.14352283
21.3217 100.14352283
21.3275  95.97685616
21.3333  95.97685616
21.3391  91.81018949
21.3449  91.81018949
21.3507  98.53061960
21.3566 104.48300055
21.3624 104.48300055
21.3682 110.43538150
21.3740 110.43538150
21.3798 108.05442912
21.3856 105.67347674
21.3914 105.67347674
21.3972 104.11097674
21.4030 104.11097674
21.4088 118.14606446
21.4146 118.14606446
21.4204 115.76511208
21.4262 121.82571814
21.4320 121.82571814
21.4378 128.49238481
21.4436 128.49238481
21.4494 125.86080586
21.4552 138.68131868
21.4610 138.68131868
21.4668 134.83516484
21.4727 134.83516484
21.4785 133.48901099
21.4843 133.48901099
21.4901 135.19841270
21.4959 135.19841270
21.5017 135.19841270
21.5075 135.19841270
21.5133 135.19841270
21.5191 135.19841270
21.5249 135.19841270
21.5307 135.19841270
21.5365 134.64285714
21.5423 134.64285714
21.5481 131.07142857
21.5539 131.07142857
21.5597 131.07142857
21.5655 131.07142857
21.5713 131.07142857
21.5771 131.07142857
21.5829 131.07142857
21.5888 131.07142857
21.5946 131.07142857
21.6004 131.07142857
21.6062 131.07142857
21.6120 131.07142857
21.6178 131.07142857
21.6236 131.07142857
21.6294 114.40476190
21.6352 114.40476190
21.6410 114.40476190
21.6468 110.83333333
21.6526 110.83333333
21.6584 102.50000000
21.6642 102.50000000
21.6700  94.16666667
21.6758  91.38888889
21.6816  91.38888889
21.6874  91.38888889
21.6932  91.38888889
21.6990  91.38888889
21.7049  91.38888889
21.7107  91.38888889
21.7165  91.38888889
21.7223  91.38888889
21.7281  91.38888889
21.7339  91.38888889
21.7397  91.38888889
21.7455   0.00000000
21.7513   0.00000000
21.7571   0.00000000
21.7629   0.00000000
21.7687   0.00000000
21.7745   0.00000000
21.7803   0.00000000
21.7861   0.00000000
22.1518   0.00000000
22.1576   0.00000000
22.1634   0.00000000
22.1693 177.96573310
22.1751 175.46573310
22.1809 175.46573310
22.4131 107.76214283
22.4189 104.42880949
22.4247 104.42880949
22.4305 104.32999527
22.4363 105.39060133
22.4421 105.39060133
22.4479 104.69130063
22.4537 104.69130063
22.4595  94.82287957
22.4653  97.76405604
22.4711  97.76405604
22.4769 100.70523252
22.4827 100.70523252
22.4885 104.03856585
22.4943 104.03856585
22.5001 110.28856585
22.5059 110.84878994
22.5117 110.84878994
22.5176 108.07101216
22.5234 108.07101216
22.5292 112.61646671
22.5350 112.61646671
22.5408 112.61646671
22.5466 109.28313337
22.5524 109.28313337
22.5582 105.11646671
22.5640 105.11646671
22.5698 103.58137899
22.5756 105.75529203
22.5814 105.75529203
22.5872 108.38687098
22.5930 108.38687098
22.5988 107.17229608
22.6046 107.17229608
22.6104 108.00562941
22.6162 108.00562941
22.6220 108.00562941
22.6278 105.82614223
22.6337 105.82614223
22.6395 104.15390143
22.6453 106.93167921
22.6511 106.93167921
22.6569 107.78638006
22.6627 107.78638006
22.6685 110.56415784
22.6743 110.56415784
22.6801 113.34193562
22.6859 116.11971340
22.6917 116.11971340
22.6975 113.06415784
22.7033 113.06415784
22.7091 107.23082451
22.7149 107.23082451
22.7207 106.52907012
22.7265 102.91064907
22.7323 102.91064907
22.7381 106.75680291
22.7439 106.75680291
22.7498  98.42346958
22.7556  95.79189063
22.7614  95.79189063
22.7672  91.94573679
22.7730  91.94573679
22.9878 114.11502018
22.9936 114.11502018
22.9994 116.48344123
23.0052 116.48344123
23.0110 116.48344123
23.0168 116.48344123
23.0226 116.48344123
23.0284 114.81677457
23.0342 114.81677457
23.0400 114.49471338
23.0458 115.28836417
23.0516 115.28836417
23.0574 112.51058639
23.0632 112.51058639
23.0690 109.73280861
23.0748 109.73280861
23.0806 106.95503084
23.0864 104.17725306
23.0922 104.17725306
23.0980 103.52910491
23.1039 103.52910491
23.1097 104.60053348
23.1155 105.54038311
23.1213 105.54038311
23.1271 102.90880416
23.1329 102.90880416
23.1387 102.90880416
23.1445 102.90880416
23.1503 102.90880416
23.1561 102.90880416
23.1619 102.90880416
23.1677 102.90880416
23.1735 102.90880416
23.1793 102.90880416
23.1851 102.90880416
23.1909 102.90880416
23.1967 102.90880416
23.2025 102.90880416
23.2083  98.74213749
23.2141  98.74213749
23.2200  93.18658194
23.2258  89.01991527
23.2316  89.01991527
23.2374  84.01991527
23.2490  79.47446072
23.2548  79.47446072
23.2606  76.14112739
23.2664  75.54588930
23.2722  75.54588930
23.2780  74.95065120
23.2838  74.95065120
23.2896  74.35541311
23.2954  72.13319088
23.3012  72.13319088
23.3070  66.57763533
23.3128  66.57763533
23.3186  63.52207977
23.3244  63.52207977
23.3302  62.96652422
23.3361  61.26197876
23.3419  61.26197876
23.3477  64.03975654
23.3535  64.03975654
23.3593  65.01378251
23.3651  70.56933807
23.3709  70.56933807
23.3767  75.11479261
23.3825  75.11479261
23.3883  86.22590373
23.3941  86.22590373
23.3999  86.78145928
23.4057  84.41303823
23.4115  84.41303823
23.4173  88.57970490
23.4231  88.57970490
23.4289  92.74637156
23.4347  92.74637156
23.4405  94.22785304
23.4463  90.65642447
23.4522  90.65642447
23.4580  93.03737685
23.4638  93.03737685
23.4696 109.70404352
23.4754 114.24949807
23.4812 114.24949807
23.4870 130.91616473
23.4928 130.91616473
23.4986 133.23097955
23.5044 133.23097955
23.5102 135.90955098
23.5160 135.67145574
23.5218 135.67145574
23.5276 141.22701129
23.5334 141.22701129
23.5392 141.22701129
23.5450 146.22701129
23.5508 146.22701129
23.5566 148.85859024
23.5624 148.85859024
23.5683 148.85859024
23.5741 148.85859024
23.5799 148.85859024
23.5857 148.85859024
23.5915 148.85859024
23.5973 148.85859024
23.6031 148.85859024
23.6089 148.85859024
23.6147 148.85859024
23.6205 156.00144738
23.6263 164.33478072
23.6321 164.33478072
23.6379 168.88023526
23.6437 168.88023526
23.6495 173.42568981
23.6553 173.42568981
23.6611 173.42568981
23.6669 169.85426124
23.6727 169.85426124
23.6785 166.28283266
23.8527 141.13291457
23.8585 142.32339076
23.8643 142.32339076
23.8701 125.65672409
23.8759 121.11126955
23.8817 121.11126955
23.8875 104.44460288
23.8933 104.44460288
23.8991 100.27793621
23.9049 100.27793621
23.9107  94.02793621
23.9166  94.26603145
23.9224  94.26603145
23.9282  92.28190447
23.9340  92.28190447
23.9398  92.00717919
23.9456  90.57860776
23.9514  90.57860776
23.9572  87.94702882
23.9630  87.94702882
23.9688  95.08988596
23.9746  95.08988596
23.9804  95.08988596
23.9862  98.42321929
23.9920  98.42321929
23.9978  98.42321929
24.0036  98.42321929
24.1023  86.46829921
24.1081  80.91274366
24.1139  80.91274366
24.1197  80.91274366
24.1255  80.91274366
24.1313  80.91274366
24.1371  82.83582058
24.1429  82.83582058
24.1488  80.66190754
24.1546  80.66190754
24.1604  80.66190754
24.1662  80.66190754
24.1720  80.66190754
24.1778  76.11645299
24.1836  76.11645299
24.1894  75.28311966
24.1952  66.94978632
24.2010  66.94978632
24.2068  68.56268955
24.2126  68.56268955
24.2184  68.63961263
24.2242  68.63961263
24.2300  69.85173384
24.2358  68.18506717
24.2416  68.18506717
24.2474  67.17496616
24.2532  67.17496616
24.2590  65.27020426
24.2649  65.27020426
24.2707  67.90178321
24.2765  72.06844987
24.2823  72.06844987
24.2881  76.23511654
24.2939  76.23511654
24.2997   0.00000000
24.4448  77.35272339
24.4506  81.51939006
24.4564  80.89439006
24.4622  80.89439006
24.4680  85.06105673
24.4738  85.06105673
24.4796  84.22772339
24.4854  86.85930234
24.4912  86.85930234
24.4971  88.47220557
24.5029  88.47220557
24.5087  90.25791985
24.5145  90.25791985
24.5203  91.92458652
24.5261  95.25791985
24.5319  95.25791985
24.5377  93.41176601
24.5435  93.41176601
24.5493  95.41176601
24.5551  98.74509934
24.5609  98.74509934
24.5667 102.07843267
24.5725 102.07843267
24.5783 106.62388722
24.5841 106.62388722
24.5899 105.08879950
24.5957 108.42213283
24.6015 108.42213283
24.6073 115.14256294
24.6132 115.14256294
24.6190 117.30922961
24.6248 117.30922961
24.6306 116.09710840
24.6364 117.76377506
24.6422 117.76377506
24.6480 118.77387607
24.6538 118.77387607
24.6596 121.27387607
24.6654 121.97563046
24.6712 121.97563046
24.6770 119.42186702
24.6828 119.42186702
24.6886 117.88677930
24.6944 117.88677930
24.7002 121.22011263
24.7060 123.85169158
24.7118 123.85169158
24.7176 126.48327053
24.7234 126.48327053
24.7293 124.48327053
24.7351 122.87036730
24.7409 122.87036730
24.7467 120.87036730
24.7525 120.87036730
24.7583 116.70370063
24.7641 116.70370063
24.7699 115.03703397
24.7757 112.53703397
24.7815 112.53703397
24.7873 115.16861291
24.7931 115.16861291
24.7989 114.67519186
24.8047 114.67519186
24.8105 110.82903802
24.8163 104.57903802
24.8221 104.57903802
24.8279 100.03358347
24.8337 100.03358347
24.8395  95.86691680
24.8454  91.70025014
24.8512  91.70025014
24.8570  89.20025014
24.8628  89.20025014
24.8686  85.03358347
24.8744  85.03358347
24.8802  82.53358347
24.8860  79.90200452
24.8918  79.90200452
24.8976  82.83455584
24.9034  82.83455584
24.9092  85.21550822
24.9150  83.54884156
24.9208  83.54884156
24.9266  80.21550822
24.9673  74.27573231
24.9731  74.27573231
24.9789  74.27573231
24.9847  74.27573231
24.9905  71.64415337
24.9963  72.15697388
25.0021  72.15697388
25.0079  67.99030721
25.0137  67.99030721
25.0195  69.37919610
25.0253  69.61729134
25.0311  69.61729134
25.0369  66.28395801
25.0427  66.28395801
25.0485  60.72840245
25.0543  60.72840245
25.0601  56.56173578
25.0659  53.22840245
25.0717  53.22840245
25.0776  51.61549922
25.0834  51.61549922
25.0892  48.98392028
25.0950  48.98392028
25.1008  45.65058694
25.1066  45.79678577
25.1124  45.79678577
25.1182  47.33187349
25.1240  47.33187349
25.1298  51.49854016
25.1356  55.34469401
25.1414  55.34469401
25.1472  55.34469401
25.1937  52.71311506
25.1995  50.08153611
25.2053  55.08153611
25.2111  55.08153611
25.2169  60.08153611
25.2227  60.08153611
25.2285  65.08153611
25.2343  65.08153611
25.2401  68.41486944
25.2459  71.74820278
25.2517  71.74820278
25.2575  71.74820278
25.2633  71.74820278
25.2691  71.74820278
25.2749  71.74820278
25.2807  71.74820278
25.2865  71.74820278
25.2923  71.74820278
25.2981  70.77417680
25.3039  70.77417680
25.3098  66.60751014
25.3156  66.60751014
25.3214  66.60751014
25.3272  74.94084347
25.3330  74.94084347
25.3388  73.15512918
25.3446  73.15512918
25.3504  78.71068474
25.3562  75.76950827
25.3620  75.76950827
25.3678  75.76950827
25.3736  75.76950827
25.3794  71.22405372
25.3852  79.55738706
25.3910  79.55738706
25.3968  84.04456654
25.4026  84.04456654
25.4084  79.87789988
25.4142  79.87789988
25.4200  74.32234432
25.4259  74.32234432
25.4317  74.32234432
25.4375  74.32234432
25.5420  72.82999165
25.5478  78.38554720
25.5536  78.38554720
25.5594  81.16332498
25.5652  86.71888053
25.5710  86.71888053
25.5768  92.27443609
25.5826  92.27443609
25.5884  92.27443609
25.5942  92.27443609
25.6000   0.00000000
25.6058   0.00000000
25.6116   0.00000000
25.7509  97.73168717
25.7567 100.36326612
25.7625 100.36326612
25.7683 100.36326612
25.7741 100.36326612
25.7800 104.52993279
25.7858  97.47865074
25.7916  97.47865074
25.7974  90.93103169
25.8032  90.93103169
25.8090  90.93103169
25.8148  90.93103169
25.8206  99.26436502
25.8264 104.02626978
25.8322 104.02626978
25.8380 104.02626978
25.8438 104.02626978
25.8496 100.69293645
25.8554 104.85960312
25.8612 104.85960312
25.8670 104.85960312
25.8728 104.85960312
25.8786 109.02626978
25.8844 109.02626978
25.8902 112.83579359
25.8961 119.97865074
25.9019 119.97865074
25.9077 124.48992893
25.9135 124.48992893
25.9193 124.16941611
25.9251 126.16941611
25.9309 126.16941611
25.9367 131.72497167
25.9425 131.72497167
25.9483 134.50274944
25.9541 134.50274944
25.9599 131.72497167
25.9657 129.74084468
25.9715 129.74084468
25.9773 124.18528913
25.9831 124.18528913
25.9889 126.81686807
25.9947 126.81686807
26.0005 126.81686807
26.0063 123.69186807
26.0122 123.69186807
26.0180 127.26329664
26.0238 127.26329664
26.0296 128.56199794
26.0354 125.78422017
26.0412 125.78422017
26.0470 123.00644239
26.0528 123.00644239
26.0586 121.29704068
26.0644 121.29704068
26.0702 125.14319452
26.0760 128.98934837
26.0818 128.98934837
26.0876 128.98934837
26.0934 128.98934837
26.0992 125.41791980
26.1050 122.73934837
26.1108 122.73934837
26.1166 120.75522139
26.1224 120.75522139
26.1283 118.77109440
26.1341 118.77109440
26.1399 115.19966583
26.1457 115.19966583
26.1515 115.19966583
26.1573 112.56808688
26.1631 112.56808688
26.1689 116.13951546
26.1747 116.13951546
26.1805 111.97284879
26.1863 114.26222608
26.1921 114.26222608
26.1979 112.47651179
26.2037 112.47651179
26.2095 112.47651179
26.2153 104.14317846
26.2211 104.14317846
26.2269  99.38127370
26.2327  99.38127370
26.2385 102.95270227
26.2444 102.95270227
26.2502 102.95270227
26.2560  98.78603560
26.2618  98.78603560
26.2676  98.78603560
26.2734  98.78603560
26.2792  94.61936894
26.2850  94.61936894
26.2908  93.03206735
26.2966  90.88921020
26.3024  90.88921020
26.3082  83.74635306
26.3140  83.74635306
26.3198  79.90019922
26.3256  77.90019922
26.3314  77.90019922
26.3372  78.59464366
26.3430  78.59464366
26.3488  76.51131033
26.3546  76.51131033
26.3605  82.06686588
26.3663  84.74543731
26.3721  84.74543731
26.3779  84.74543731
26.3837  84.74543731
26.3895  82.11385836
26.3953  82.11385836
26.4011  82.11385836
26.4069  98.78052503
26.4127  98.78052503
26.4185  95.20909646
26.4243  95.20909646
26.4301  94.41544567
26.4359  97.98687424
26.4417  97.98687424
26.4475 101.55830281
26.4533 101.55830281
26.4591  97.71214896
26.4649  97.71214896
26.4707 103.86599512
26.4766 100.01984127
26.4824 100.01984127
26.4882 100.01984127
26.4940 100.01984127
26.4998  96.44841270
26.5056  92.87698413
26.5114  92.87698413
26.5172  89.30555556
26.5230  89.30555556
26.5288  85.73412698
26.5346  85.73412698
26.5404  85.73412698
26.5462  89.90079365
26.5520  89.90079365
26.5578  94.06746032
26.5636  94.06746032
26.5694  94.66269841
26.5752  98.82936508
26.5810  98.82936508
26.5868  95.25793651
26.5927  95.25793651
26.5985  95.25793651
26.6043  95.25793651
26.6101  95.25793651
26.6159  95.25793651
26.6217  95.25793651
26.6275  91.68650794
26.6333  91.68650794
26.6391  88.11507937
26.6449  88.11507937
26.6507  88.11507937
26.6565  88.11507937
26.6623  88.11507937
26.6681  88.11507937
26.6739  88.11507937
26.6797  88.11507937
26.6855  86.13095238
26.6913  86.13095238
26.6971  84.70238095
26.7029  84.70238095
26.7088  88.03571429
26.7146  88.03571429
26.7204  91.36904762
26.7262  94.94047619
26.7320  94.94047619
26.7378  88.69047619
26.7436  88.69047619
26.7494  89.58333333
26.7552  84.02777778
26.7610  84.02777778
26.7668  77.77777778
26.7726  77.77777778
26.7784  86.11111111
26.7842  86.11111111
26.7900  86.11111111
26.7958  90.27777778
26.8016  90.27777778
26.9293 103.69047619
26.9351 107.85714286
26.9410 107.85714286
26.9468 107.85714286
26.9526 107.85714286
26.9584 107.85714286
26.9642 107.85714286
26.9700 107.85714286
26.9758 107.85714286
26.9816 107.85714286
26.9874 112.02380952
26.9932 112.02380952
26.9990 116.19047619
27.0048 116.19047619
27.0106 120.35714286
27.0164 124.52380952
27.0222 124.52380952
27.0280 128.69047619
27.0338 128.69047619
27.0396 132.85714286
27.0454 137.02380952
27.0512 137.02380952
27.0571 141.19047619
27.0629 141.19047619
27.0687 141.19047619
27.0745 141.19047619
27.0803 141.19047619
27.0861 144.76190476
27.0919 144.76190476
27.0977 147.44047619
27.1035 147.44047619
27.1093 151.25000000
27.1151 155.05952381
27.1209 155.05952381
27.1267 151.48809524
27.1325 151.48809524
27.1383 151.48809524
27.1441 151.48809524
27.1499 144.34523810
27.1557 144.34523810
27.1615 144.34523810
27.1673 144.34523810
27.1732 144.34523810
27.1790 136.01190476
27.1848 136.01190476
27.1906 136.01190476
27.1964 131.84523810
27.2022 131.84523810
27.2080 131.01190476
27.2138 131.01190476
27.2196 131.39069264
27.2254 131.39069264
27.2312 131.39069264
27.2370 132.77958153
27.2428 132.77958153
27.2486 128.61291486
27.2544 128.61291486
27.2602 124.44624820
27.2660 120.27958153
27.2718 120.27958153
27.2776 116.11291486
27.2834 116.11291486
27.2893 111.94624820
27.2951 107.77958153
27.3009 107.77958153
27.3067 103.61291486
27.3125 103.61291486
27.3183 102.57124820
27.3241 102.57124820
27.3299 103.40458153
27.3357 104.23791486
27.3415 104.23791486
27.3473 105.62680375
27.3531 105.62680375
27.3589 107.01569264
27.3647 107.01569264
27.3705 107.84902597
27.3763 106.18235931
27.3821 106.18235931
27.3879 103.93876956
27.3937 103.93876956
27.3995 102.89710290
27.4054 100.65351315
27.4112 100.65351315
27.4170  98.48684649
27.4228  98.48684649
27.4286  97.26135629
27.4344  97.26135629
27.4402  95.17802296
27.4460  92.62425952
27.4518  92.62425952
27.4576  91.79092618
27.4634  91.79092618
27.4692  94.73210265
27.4750  96.39876932
27.4808  96.39876932
27.4866  92.82734075
27.4924  92.82734075
27.4982  89.51851722
27.5040  89.51851722
27.5098  85.31683655
27.5156  78.17397940
27.5215  78.17397940
27.5273  81.50731274
27.5331  81.50731274
27.5389  81.50731274
27.5447  81.50731274
27.5505  86.50731274
27.5563  92.06286829
27.5621  92.06286829
27.5679  94.84064607
27.5737  94.84064607
27.5795  97.78182254
27.6376   0.00000000
27.6434   0.00000000
27.6492   0.00000000
27.6550   0.00000000
27.6608 105.06051607
27.6666 108.90666992
27.6724 108.90666992
27.6782 108.90666992
27.6840 108.90666992
27.6898 112.75282376
27.6956 112.75282376
27.7014 112.75282376
27.7072 116.59897761
27.7130 116.59897761
27.7188   0.00000000
27.8930 101.91684541
27.8988  98.97566894
27.9046  98.97566894
27.9104  96.03449247
27.9162  97.88634432
27.9220  97.88634432
27.9278  96.40486284
27.9336  96.40486284
27.9394   0.00000000
27.9452   0.00000000
27.9510   0.00000000
27.9568   0.00000000
27.9626   0.00000000
27.9684   0.00000000
27.9742   0.00000000
27.9800   0.00000000
27.9859   0.00000000
27.9917   0.00000000
27.9975   0.00000000
28.0033   0.00000000
28.0091   0.00000000
28.0149   0.00000000
28.0207   0.00000000
28.0265   0.00000000
28.0323   0.00000000
28.0381   0.00000000
28.0439   0.00000000
28.0497   0.00000000
28.0555   0.00000000
28.0613   0.00000000
28.0671   0.00000000
28.0729   0.00000000
28.0787   0.00000000
28.0845   0.00000000
28.0903   0.00000000
28.0961   0.00000000
28.1020   0.00000000
28.1078   0.00000000
28.1136   0.00000000
28.1194 118.04202470
28.1252 118.33964374
28.1310 118.33964374
28.1368 118.33964374
28.1426 118.33964374
28.1484 116.80455602
28.1542 116.80455602
28.1600 118.67955602
28.1658 114.83340218
28.1716 114.83340218
28.1774 115.53270288
28.1832 115.53270288
28.1890 113.09017414
28.1948 113.09017414
28.2006 115.47112652
28.2064 115.47112652
28.2122 115.47112652
28.2180 110.94526445
28.2239 110.94526445
28.2297 110.24351007
28.2355 110.24351007
28.2413 110.24351007
28.4677 120.36021705
28.4735 120.36021705
28.4793 112.02688371
28.4851 112.02688371
28.4909 112.02688371
28.4967 112.02688371
28.5025 112.02688371
28.5083 108.18072987
28.5141 108.18072987
28.5199 104.84739653
28.5257 102.46644415
28.5315 102.46644415
28.5373 102.46644415
28.5431 102.46644415
28.5489  99.83486520
28.5547  99.83486520
28.5605  94.83486520
28.5663  98.16819854
28.5722  98.16819854
28.5780  93.62274399
28.5838  93.62274399
28.5896  91.89860606
28.5954  89.51765368
28.6012  89.51765368
28.6070  90.42263106
28.6128  90.42263106
28.6186  92.54464697
28.6244  92.54464697
28.6302  93.75922187
28.6360  97.60537572
28.6418  97.60537572
28.6476 101.45152956
28.6534 101.45152956
28.6592 100.29768341
28.6650 100.29768341
28.6708 100.29768341
28.6766 100.29768341
28.6824 100.29768341
28.6883 102.41969932
28.6941 102.41969932
28.6999 101.26585317
28.7057 102.48042807
28.7115 102.48042807
28.7173  99.18372477
28.7231  99.18372477
28.7289 100.08870215
28.7347 100.08870215
28.7405  90.08870215
28.7463  91.27917834
28.7521  91.27917834
28.7579   0.00000000
28.7637   0.00000000
28.7695   0.00000000
28.7753  88.17460317
28.7811  88.17460317
28.7869  87.79365079
28.7927  87.79365079
28.7985  85.62698413
28.8044  85.62698413
28.8102  86.46031746
28.8160  85.90476190
28.8218  85.90476190
28.8276  86.73809524
28.8334  86.73809524
28.8392  90.90476190
28.8450  90.90476190
28.8508  97.57142857
28.8566 107.57142857
28.8624 107.57142857
28.8682 107.57142857
28.8740 107.57142857
28.8798 107.57142857
28.8856 107.57142857
28.8914 107.57142857
28.8972 107.57142857
28.9030 107.57142857
28.9088 107.57142857
28.9146 107.57142857
28.9205 107.57142857
28.9263 113.12698413
28.9321 113.12698413
28.9379 115.30089717
28.9437 115.30089717
28.9495   0.00000000
29.2455   0.00000000
29.2513   0.00000000
29.2571 105.76725898
29.2629 105.76725898
29.2688 105.76725898
29.2746 105.76725898
29.2804 105.76725898
29.2862 105.76725898
29.2920 105.76725898
29.2978 111.32281454
29.3036 111.32281454
29.3094 116.87837009
29.3152 121.87837009
29.3210 121.87837009
29.3268 121.32281454
29.3326 121.32281454
29.3384 119.14890149
29.3442 119.14890149
29.3500 113.59334594
29.3558 112.20445705
29.3616 112.20445705
29.3674 112.20445705
29.3732 112.20445705
29.3790 116.37112372
29.3849 116.37112372
29.3907 114.98223483
29.3965 119.14890149
29.4023 119.14890149
29.4081 123.31556816
29.4139 123.31556816
29.4197 125.20950755
29.4255 124.05566140
29.5184 119.64623096
29.5242 119.64623096
29.5300 114.09067541
29.5358 112.00734207
29.5416 112.00734207
29.5474 108.67400874
29.5532 108.67400874
29.5590 106.59067541
29.5648 106.59067541
29.5706 102.42400874
29.5764  96.86845318
29.5822  96.86845318
29.5880  95.16390773
29.5938  95.16390773
29.5996  95.54269561
29.6054  95.54269561
29.6112  95.54269561
29.6171  93.45936228
29.6229  93.45936228
29.6287  90.12602894
29.6345  90.12602894
29.6403  86.27987510
29.6461  83.50209732
29.6519  83.50209732
29.6577  80.87051837
29.6635  80.87051837
29.6693  85.03718504
29.6751  85.03718504
29.6809  85.03718504
29.6867  85.03718504
29.6925  85.03718504
29.6983  83.32778333
29.7041  83.32778333
29.7099  83.32778333
29.7157  78.32778333
29.7215  78.32778333
29.7273  76.10556111
29.7332  76.10556111
29.7390  79.23056111
29.7448  79.23056111
29.7506  79.23056111
29.7564  75.06389444
29.7622  75.06389444
29.7680  75.06389444
29.7738  75.06389444
29.7796  70.89722777
29.7854  66.73056111
29.7912  66.73056111
29.7970  62.56389444
29.8028  62.56389444
29.8086  58.39722777
29.8144  58.39722777
29.8202  54.23056111
29.8260  50.38440726
29.8318  50.38440726
29.8376  46.53825341
29.8434  46.53825341
29.8493  44.03825341
29.8551  40.70492008
29.8609  40.70492008
29.8667  37.13349151
29.8725  37.13349151
29.8783  40.97964535
30.0582  43.13873626
30.0640  43.13873626
30.0698  43.51752414
30.0756  43.51752414
30.0815  43.51752414
30.0873  43.51752414
30.0931  43.51752414
30.0989  39.67137030
30.1047  39.67137030
30.1105  40.36581474
30.1163  46.61581474
30.1221  46.61581474
30.1279  48.83803696
30.1337  48.83803696
30.1395  55.71303696
30.1453  61.96303696
30.1511  61.96303696
30.1569  61.96303696
30.1627  61.96303696
30.1685  66.96303696
30.1743  66.96303696
30.1801  66.96303696
30.1859  73.21303696
30.1917  73.21303696
30.1976  78.21303696
30.2034  78.21303696
30.2092  84.46303696
30.2150  84.46303696
30.2208  89.46303696
30.2266  95.71303696
30.2324  95.71303696
30.2382  95.71303696
30.2440  95.71303696
30.2498   0.00000000
30.2556   0.00000000
30.2614   0.00000000
30.3253 120.20021645
30.3311 120.20021645
30.3369 123.53354978
30.3427 123.53354978
30.3485 126.86688312
30.3543 126.86688312
30.3601 130.20021645
30.3659 133.77164502
30.3717 133.77164502
30.3775 130.20021645
30.3833 130.20021645
30.3891 130.20021645
30.3949 130.20021645
30.4007 130.20021645
30.4065 127.07521645
30.4123 127.07521645
30.4181 127.07521645
30.4239 127.07521645
30.4298 123.95021645
30.4356 123.95021645
30.4414 123.95021645
30.4472 121.09307359
30.4530 121.09307359
30.4588 121.09307359
30.4646 121.09307359
30.4704 123.69047619
30.4762 123.69047619
30.4820 123.69047619
30.4878 127.02380952
30.4936 127.02380952
30.4994 130.59523810
30.5052 127.91666667
30.5110 127.91666667
30.5168 121.66666667
30.5226 121.66666667
30.5284 116.66666667
30.5342 116.66666667
30.5400 106.66666667
30.5459 100.41666667
30.5517 100.41666667
30.5575 100.41666667
30.5633 100.41666667
30.5691  95.41666667
30.5749  95.41666667
30.5807  95.41666667
30.5865  92.73809524
30.5923  92.73809524
30.5981  91.30952381
30.6039  91.30952381
30.6097  88.63095238
30.6155  87.20238095
30.6213  87.20238095
30.6271  84.28571429
30.6329  84.28571429
30.6387  87.61904762
30.6445  87.61904762
30.6503  87.38095238
30.6561  83.80952381
30.6620  83.80952381
30.6678  87.38095238
30.6736  87.38095238
30.6794  90.95238095
30.6852  87.38095238
30.6910  87.38095238
30.6968  87.38095238
30.7026  87.38095238
30.7084  83.80952381
30.7142  83.80952381
30.7200  80.23809524
30.7258  76.90476190
30.7316  76.90476190
30.7374  77.14285714
30.7432  77.14285714
30.7490  77.38095238
30.7548  77.38095238
30.7606  77.61904762
30.7664  77.38095238
30.7722  77.38095238
30.7780   0.00000000
30.7839   0.00000000
