0.9694  99.20772672
0.9752 102.25980569
0.9810 102.25980569
0.9868 102.01906713
0.9927 102.01906713
0.9985  97.56637168
1.0043  97.56637168
1.0101  96.75310018
1.0159  99.55449354
1.0217  99.55449354
1.0275 102.58270356
1.0333 102.58270356
1.0391 104.39776321
1.0449 104.39776321
1.0507 105.22872002
1.0565 106.63297272
1.0623 106.63297272
1.0681 106.23480783
1.0739 106.23480783
1.0797 210.36736758
1.0855 108.88888889
1.0913 108.88888889
1.0971 110.80402010
1.1029 110.80402010
1.1088 114.84292985
1.1146 114.84292985
1.1204 118.36383554
1.1262 121.46699338
1.1320 121.46699338
1.1378 124.73828897
1.1436 124.73828897
1.1494 128.12011646
1.1552 128.30589682
1.1610 128.30589682
1.1668 131.41887600
1.1726 131.41887600
1.1784 136.63298343
1.1842 136.63298343
1.1900 142.17751315
1.1958 147.01342704
1.2016 147.01342704
1.2074 155.53106566
1.2132 155.53106566
1.2190 159.20095035
1.2249 159.20095035
1.2307 163.70864717
1.2365 168.92830412
1.2423 168.92830412
1.2481 172.26562500
1.2539 172.26562500
1.2597 176.36181735
1.2655 174.57668931
1.2713 174.57668931
1.2771 174.56275340
1.2829 174.56275340
1.2887 174.93860354
1.2945 174.93860354
1.3003 175.42132973
1.3061 176.16101494
1.3119 176.16101494
1.3177 174.66174381
1.3235 174.66174381
1.3293 173.26621366
1.3351 172.78745684
1.3410 172.78745684
1.3468 171.37385614
1.3526 171.37385614
1.3584 170.39296106
1.3642 170.39296106
1.3700 171.04942177
1.3758 170.47676373
1.3816 170.47676373
1.3874 171.30323312
1.3932 171.30323312
1.3990 172.99080170
1.4048 172.99080170
1.4106 174.88859176
1.4164 175.39885600
1.4222 175.39885600
1.4280 176.93537253
1.4338 176.93537253
1.4396 173.60666613
1.4454 166.85742112
1.4512 166.85742112
1.4571   0.00000000
1.5441 192.69340594
1.5499 199.33947814
1.5557 199.65290733
1.5615 199.65290733
1.5673 195.92483647
1.5732 195.92483647
1.5790 197.34158090
1.5848 197.34158090
1.5906 198.54435130
1.5964 198.80116860
1.6022 198.80116860
1.6080 199.63483715
1.6138 199.63483715
1.6196 198.24804507
1.6254 196.76274868
1.6312 196.76274868
1.6370 195.08713337
1.6428 195.08713337
1.6486 195.23202264
1.6544 195.23202264
1.6602 194.15821540
1.6660 195.35961063
1.6718 195.35961063
1.6776 196.89694429
1.6834 196.89694429
1.6893 201.04302650
1.6951 204.48081807
1.7009 204.48081807
1.7067 206.20746916
1.7125 206.20746916
1.7183 205.63078838
1.7241 205.63078838
1.7299 205.81310923
1.7357 206.22842823
1.7415 206.22842823
1.7473 205.54346775
1.7531 205.54346775
1.7589 204.31629435
1.7647 204.31629435
1.7705 203.42737945
1.7763 202.05578929
1.7821 202.05578929
1.7879 199.85127003
1.7937 199.85127003
1.7995 199.58081740
1.8054 198.47674008
1.8112 198.47674008
1.8170 198.11200950
1.8228 198.11200950
1.8286 197.56432982
1.8344 197.56432982
1.8402 197.03643618
1.8460 196.22432136
1.8518 196.22432136
1.8576 196.63232525
1.8634 196.63232525
1.8692 196.43890386
1.8750 197.36340004
1.8808 197.36340004
1.8866 197.80634864
1.8924 197.80634864
1.8982 197.88103934
1.9040 197.88103934
1.9098 198.85477949
1.9156 199.47302373
1.9215 199.47302373
1.9273 200.34497298
1.9331 200.34497298
1.9389 200.80638179
1.9447 200.80638179
1.9505 201.37758031
1.9563 200.64344263
1.9621 200.64344263
1.9679 195.35810345
2.0317 196.84637166
2.0376 197.50199936
2.0434 197.50199936
2.0492 198.41812727
2.0550 198.41812727
2.0608 200.41315318
2.0666 202.19673793
2.0724 202.19673793
2.0782 201.88641035
2.0840 201.88641035
2.0898 201.69874676
2.0956 201.75385533
2.1014 201.75385533
2.1072 199.96090631
2.1130 199.96090631
2.1188 198.98345244
2.1246 198.98345244
2.1304 198.37206360
2.1362 196.41458624
2.1420 196.41458624
2.1478 191.33013263
2.1537 191.33013263
2.1595 187.41945415
2.1653 187.54967709
2.1711 187.54967709
2.1769 187.70371247
2.1827 187.70371247
2.1885 187.16375939
2.1943 187.16375939
2.2001 190.32764176
2.2059 193.26995571
2.2117 193.26995571
2.2175 197.10159631
2.2233 197.10159631
2.2291 201.90709682
2.2349 201.90709682
2.2407 210.82360179
2.2465 214.07766990
2.2523 214.07766990
2.2581 216.86971614
2.2639 216.86971614
2.2698 217.24004466
2.2756 220.50000000
2.2814 220.50000000
2.2872 218.10858139
2.2930 218.10858139
2.2988 217.94586139
2.3046 217.94586139
2.3104 217.24137931
2.3162 217.99342553
2.3220 217.99342553
2.3278 220.35271252
2.3336 220.35271252
2.3394 224.52025379
2.3452 229.68750000
2.3510 229.68750000
2.3568 229.68750000
2.3626 229.68750000
2.3684 238.00574339
2.3742 238.00574339
2.3800 241.51155660
2.3859 245.35034733
2.3917 245.35034733
2.3975 247.69872660
2.4033 247.69872660
2.4091 248.56311580
2.4149 248.56311580
2.4207 249.04616180
2.4265 248.83916321
2.4323 248.83916321
2.4381 247.79286676
2.4439 247.79286676
2.4497 247.72730718
2.4555 246.28355208
2.4613 246.28355208
2.4671 247.75652103
2.4729 247.75652103
2.4787 247.84221129
2.4845 247.84221129
2.4903 249.31600866
2.4961 250.45718065
2.5020 250.45718065
2.5078 250.16148716
2.5136 250.16148716
2.5194 249.14420112
2.5252 249.85966621
2.5310 249.85966621
2.5368 249.75098049
2.5426 249.75098049
2.5484 250.20557502
2.5542 250.20557502
2.5600 250.42883748
2.5658 250.23628922
2.5716 250.23628922
2.5774 249.97688147
2.5832 249.97688147
2.5890 249.32480181
2.5948 249.32480181
2.6006 248.56777110
2.6064 246.62550704
2.6122 246.62550704
2.6180 246.21790379
2.6239 246.21790379
2.6297 245.80741611
2.6355 245.14032503
2.6413 245.14032503
2.6471 242.89759920
2.6529 242.89759920
2.6587 241.86439747
2.6645 241.86439747
2.6703 242.11345645
2.6761 242.90170082
2.6819 242.90170082
2.6877 243.44273425
2.6935 243.44273425
2.6993 245.28161515
2.7051 246.84591898
2.7109 246.84591898
2.7167 248.81474677
2.7225 248.81474677
2.7283 248.71967623
2.7341 248.71967623
2.7400 248.05360235
2.7458 246.10639714
2.7516 246.10639714
2.7574 243.44099104
2.7632 243.44099104
2.7690 239.47120863
2.8386 214.85453350
2.8444 214.85453350
2.8502 215.46797509
2.8561 218.40574200
2.8619 218.40574200
2.8677 220.72217124
2.8735 220.72217124
2.8793 224.96268833
2.8851 228.30779366
2.8909 228.30779366
2.8967 230.96805704
2.9025 230.96805704
2.9083 233.33333333
2.9141 233.33333333
2.9199 236.74173996
2.9257 238.37837838
2.9315 238.37837838
2.9373 240.84173921
2.9431 240.84173921
2.9489 242.35158970
2.9547 242.35158970
2.9605 243.19985284
2.9663 242.38987759
2.9722 242.38987759
2.9780 242.23018989
2.9838 242.23018989
2.9896 242.26447805
2.9954 243.74089460
3.0012 243.74089460
3.0070 244.42914442
3.0128 244.42914442
3.0186 244.30283292
3.0244 244.30283292
3.0302 244.19034566
3.0360 244.67340636
3.0418 244.67340636
3.0476 245.14288300
3.0534 245.14288300
3.0592 245.38630302
3.0650 245.62136909
3.0708 245.62136909
3.0766 245.37165369
3.0824 245.37165369
3.0883 245.30741747
3.0941 245.30741747
3.0999 244.96220226
3.1057 244.77936910
3.1115 244.77936910
3.1173 244.31978920
3.1231 244.31978920
3.1289 243.79297699
3.1347 243.79297699
3.1405 242.59676575
3.1463 242.67105592
3.1521 242.67105592
3.1579 243.08261877
3.1637 243.08261877
3.1695 244.06229606
3.1753 243.91975605
3.1811 243.91975605
3.1869 243.74808536
3.1927 243.74808536
3.1985 243.00629622
3.2044 243.00629622
3.2102 241.62202456
3.2160 241.57116231
3.2218 241.57116231
3.2276 241.34015653
3.2334 241.34015653
3.2392 239.71600197
3.2450 239.71600197
3.2508 238.92294932
3.2566 238.10659559
3.2624 238.10659559
3.2682 236.56508368
3.2740 236.56508368
3.2856 232.27712043
3.2914 232.27712043
3.2972 229.21419558
3.3030 229.21419558
3.3088 223.87480672
3.3146 223.87480672
3.3205 220.48491618
3.3263 218.17507446
3.3321 218.17507446
3.3379 225.62511721
3.3437 225.62511721
3.3495 217.52681305
3.3553 217.48482092
3.3611 217.48482092
3.3669 217.96592609
3.3727 217.96592609
3.3843 220.37933288
3.3901 222.48983557
3.3959 224.91366338
3.4017 224.91366338
3.4075 228.56293657
3.4133 228.56293657
3.4191 230.89005236
3.4249 230.89005236
3.4307 234.57446809
3.4366 237.09677419
3.4424 237.09677419
3.4482 239.67391304
3.4540 239.67391304
3.4598 243.64640884
3.4656 240.98360656
3.4714 240.98360656
3.4772 239.05259560
3.4830 239.05259560
3.4888 237.76715430
3.4946 237.76715430
3.5004 236.22679467
3.5062 233.78085400
3.5120 233.78085400
3.5178 231.31051458
3.5236 231.31051458
3.5294 230.89005236
3.5352 227.55109618
3.5410 227.55109618
3.5468 227.38112131
3.5527 227.38112131
3.5585 225.45729753
3.5643 225.45729753
3.5701 224.92346707
3.5759 224.45660468
3.5817 224.45660468
3.5875 223.05126574
3.5933 223.05126574
3.5991 222.04713669
3.6049 222.04713669
3.6107 221.37903906
3.6165 220.56273465
3.6223 220.56273465
3.6281 219.78966226
3.6339 219.78966226
3.6397 217.24383542
3.6455 211.52489827
3.6513 211.52489827
3.6571 204.16666667
3.6629 204.16666667
3.6688 197.63221605
3.6746 197.63221605
3.6804 188.21325556
3.6862 180.73770492
3.6920 180.73770492
3.6978 184.51882845
3.7036 184.51882845
3.7094 183.44186732
3.7152 186.07594937
3.7210 186.07594937
3.7268 188.32209586
3.7326 188.32209586
3.7384 191.58632471
3.7442 191.58632471
3.7500 192.75794520
3.7558 194.27312775
3.7616 194.27312775
3.7674 194.77211504
3.7732 194.77211504
3.7790 195.29586809
3.7849 195.29586809
3.7907 195.53380965
3.7965 194.90698337
3.8023 194.90698337
3.8081 193.60199903
3.8139 193.60199903
3.8197 192.64781066
3.8255 190.08620690
3.8313 190.08620690
3.8371 189.58894081
3.8429 189.58894081
3.8487 187.24408435
3.8545 187.24408435
3.8603 186.27454288
3.8661 186.71553026
3.8719 186.71553026
3.8777 187.64911068
3.8835 187.64911068
3.8893 188.76040840
3.8951 190.90909091
3.9010 190.90909091
3.9068 192.88245252
3.9126 192.88245252
3.9184 195.28261665
3.9242 195.28261665
3.9300 196.10748543
3.9358 196.64249384
3.9416 196.64249384
3.9474 198.11596760
3.9532 198.11596760
3.9590 197.16701136
3.9648 197.16701136
3.9706 196.61769968
3.9764 197.01519878
3.9822 197.01519878
3.9880 196.82793722
3.9938 196.82793722
3.9996 196.04887261
4.0054 195.92442523
4.0112 195.92442523
4.0171 195.32939283
4.0229 195.32939283
4.0287 194.04603832
4.0345 194.04603832
4.0403 193.37425173
4.0461 193.89929317
4.0519 193.89929317
4.0577 192.44060486
4.0635 192.44060486
4.0693 193.84689391
4.0751 192.51835152
4.0809 192.51835152
4.0867 192.15089578
4.0925 192.15089578
4.0983 190.67992861
4.1041 190.67992861
4.1099 190.77243230
4.1157 191.64848705
4.1215 191.64848705
4.1273 192.41203427
4.1332 192.41203427
4.1390 194.08645879
4.1448 194.08645879
4.1506 193.90779797
4.1564 195.63889907
4.1622 195.63889907
4.1680 197.89663571
4.1738 197.89663571
4.1796 200.22649089
4.1854 200.97263392
4.1912 200.97263392
4.1970 200.53695004
4.2028 200.53695004
4.2086 203.01871155
4.2144 203.01871155
4.2202 203.25337622
4.2260 202.43371829
4.2318 202.43371829
4.2376 201.35138538
4.2434 201.35138538
4.2493 197.32611826
4.2551 194.82705637
4.2609 194.82705637
4.2667 191.57313644
4.9517   0.00000000
4.9575 144.59016393
4.9633 144.59016393
4.9691 135.58951149
4.9749 135.58951149
4.9807 143.35632404
4.9865 144.77970778
4.9923 144.77970778
4.9981 147.09748295
5.0039 147.09748295
5.0097 151.28268055
5.0155 154.46587023
5.0213 154.46587023
5.0271 157.92621817
5.0329 157.92621817
5.0387 160.88637863
5.0445 160.88637863
5.0503 165.23835479
5.0561 169.03514010
5.0620 169.03514010
5.0678 173.33428547
5.0736 173.33428547
5.0794 177.19510443
5.0852 180.51506277
5.0910 180.51506277
5.0968 183.25092513
5.1026 183.25092513
5.1084 186.25506505
5.1142 186.25506505
5.1200 187.99965715
5.1258 190.18833448
5.1316 190.18833448
5.1374 192.35614883
5.1432 192.35614883
5.1490 194.21382784
5.1548 194.21382784
5.1606 195.72710866
5.1664 195.95703667
5.1722 195.95703667
5.1780 196.00000000
5.1839 196.00000000
5.1897 196.00000000
5.1955 196.02891556
5.2013 196.02891556
5.2071 198.76021556
5.2129 198.76021556
5.2187 198.68465417
5.2245 198.68465417
5.2303 197.08905266
5.2361 198.38575683
5.2419 198.38575683
5.2477 198.24486262
5.2535 198.24486262
5.2593 196.83902629
5.2651 193.72332340
5.2709 193.72332340
5.2767 194.29191844
5.2825 194.29191844
5.2883 192.39188198
5.2941 192.39188198
5.3000 193.08203365
5.3058 194.87259935
5.3116 194.87259935
5.3174 193.65497798
5.3232 193.65497798
5.3290 196.51121351
5.3348 196.51121351
5.3406 195.16014653
5.3464 188.46246095
5.3522 188.46246095
5.3580 192.40628815
5.3638 192.40628815
5.5147   0.00000000
5.5205 253.44827586
5.5263 194.14264083
5.5322 194.14264083
5.5380 199.28446372
5.5438 199.28446372
5.5496 198.14312022
5.5554 195.13274336
5.5612 195.13274336
5.5670 192.33487287
5.5728 192.33487287
5.5786 190.83468246
5.5844 190.83468246
5.5902 189.27038627
5.5960 188.46153846
5.6018 188.46153846
5.6076 188.46153846
5.6134 188.46153846
5.6192 186.18686114
5.6250 185.03741870
5.6308 185.03741870
5.6366 184.83242434
5.6424 184.83242434
5.6483 183.80845651
5.6541 183.80845651
5.6599 185.25614459
5.6657 187.65957447
5.6715 187.65957447
5.6773 189.12673887
5.6831 189.12673887
5.6889 191.65144983
5.6947 191.65144983
5.7005 193.32528398
5.7063 193.86317994
5.7121 193.86317994
5.7179 194.76397186
5.7237 194.76397186
5.7295 193.86909059
5.7353 194.27312775
5.7411 194.27312775
5.7469 195.21404098
5.7527 195.21404098
5.7585 195.20904139
5.7644 195.20904139
5.7702 196.33817598
5.7760 196.16315481
5.7818 196.16315481
5.7876 195.91180583
5.7934 195.91180583
5.7992 197.16309410
5.8050 197.16309410
5.8108 197.15137599
5.8166 197.27107270
5.8224 197.27107270
5.8282 198.41015067
5.8340 198.41015067
5.8398 198.73904505
5.8456 200.30938750
5.8514 200.30938750
5.8572 202.00826567
5.8630 202.00826567
5.8688 201.41322538
5.8746 201.41322538
5.8805 199.72083214
5.8863 199.66362658
5.8921 199.66362658
5.8979 199.98776256
5.9037 199.98776256
5.9095 197.48703513
5.9153 196.68434041
5.9211 196.68434041
5.9269 196.39913740
5.9327 196.39913740
5.9385 195.96602374
5.9443 195.96602374
5.9501 196.61100272
5.9559 195.63880226
5.9617 195.63880226
5.9675 195.42119143
5.9733 195.42119143
5.9791 194.74489489
5.9849 194.74489489
5.9907 194.27243787
5.9966 193.48377932
6.0024 193.48377932
6.0082 193.17497232
6.0140 193.17497232
6.0198 193.42508567
6.0256 193.29826713
6.0314 193.29826713
6.0372 193.20187109
6.0430 193.20187109
6.0488 193.93197847
6.0546 193.93197847
6.0604 194.44311776
6.0662 194.33888159
6.0720 194.33888159
6.0778 194.97869449
6.0836 194.97869449
6.0894 196.00000000
6.0952 196.06653883
6.1010 196.06653883
6.1068 196.02010301
6.1127 196.02010301
6.1185 196.24915925
6.1243 196.24915925
6.1301 196.77625497
6.1359 196.59821593
6.1417 196.59821593
6.1475 195.95874620
6.1533 195.95874620
6.1591 196.07718963
6.1649 196.07718963
6.1707 195.72816608
6.1765 195.19974995
6.1823 195.19974995
6.1881 194.56908714
6.1939 194.56908714
6.1997 194.05295959
6.2055 194.47134726
6.2113 194.47134726
6.2171 195.93080551
6.2229 195.93080551
6.2288 195.31769536
6.2346 195.31769536
6.2404 195.36181656
6.2462 194.19619180
6.2520 194.19619180
6.2578 194.16865206
6.2636 194.16865206
6.2694 194.41434267
6.2752 194.30246312
6.2810 194.30246312
6.2868 194.63113778
6.2926 194.63113778
6.2984 195.14781639
6.3042 195.14781639
6.3100 196.67923270
6.3158 197.42245312
6.3216 197.42245312
6.3274 197.60997113
6.3332 197.60997113
6.3390 197.68431281
6.3449 197.68431281
6.3507 198.38488761
6.3565 199.11235012
6.3623 199.11235012
6.3681 201.06004373
6.3739 201.06004373
6.3797 202.26289239
6.3855 202.39863470
6.3913 202.39863470
6.3971 201.92721802
6.4029 201.92721802
6.4087 202.35641880
6.4145 202.35641880
6.4203 202.40922789
6.4261 201.79724177
6.4319 201.79724177
6.4377 201.18590797
6.4435 201.18590797
6.4493 197.90896432
6.4551 200.71782541
6.4610 200.71782541
6.4668 200.43539301
6.4726 200.43539301
6.4784 199.46517475
6.4842 199.46517475
6.4900 199.62655435
6.4958 199.33001653
6.5016 199.33001653
6.5074 199.49542464
6.5132 199.49542464
6.5190 199.90026244
6.5248 199.90026244
6.5306 201.26880156
6.5364 203.05254841
6.5422 203.05254841
6.5480 204.11953257
6.5538 204.11953257
6.5596 206.08442018
6.5654 208.70192971
6.5712 208.70192971
6.5771 213.80357021
6.5829 213.80357021
6.5887 219.42117181
6.5945 219.42117181
6.6003 225.51315925
6.6061 225.35942948
6.6119 225.35942948
6.6177 227.21938472
6.6235 227.21938472
6.6293 229.42118778
6.6351 229.47493333
6.6409 229.47493333
6.6467 227.17110827
6.6525 227.17110827
6.6583 225.57537653
6.6641 225.57537653
6.6699 224.69803733
6.6757 228.34085865
6.6815 228.34085865
6.6873 234.63616139
6.6932 234.63616139
6.6990 247.28555221
6.7048 247.28555221
6.7106 261.79269749
6.7164 267.08848533
6.7222 267.08848533
6.7280 280.45569198
6.7338 280.45569198
6.7396 275.36200407
6.7454 278.88021274
6.7512 278.88021274
6.7570 272.75561430
6.7628 272.75561430
6.7686 270.76494802
6.7744 270.76494802
6.7802 266.73947888
6.7860 264.01147433
6.7918 264.01147433
6.7976 262.97059054
6.8034 262.97059054
6.8093 260.93790153
6.8151 259.79589248
6.8209 259.79589248
6.8267 258.22662828
6.8325 258.22662828
6.8383 259.70908994
6.8441 259.70908994
6.8499 256.25714858
6.8557 249.40865755
6.8615 249.40865755
6.9602  71.35922330
6.9660 267.27272727
6.9718 267.27272727
6.9776 256.49379891
6.9834 256.49379891
6.9892 263.63919413
6.9950 262.17070103
7.0008 262.17070103
7.0066 261.14033400
7.0124 261.14033400
7.0182 259.20604956
7.0240 259.20604956
7.0298 259.51956223
7.0356 258.56866147
7.0415 258.56866147
7.0473 257.15034437
7.0531 257.15034437
7.0589 254.72851461
7.0647 254.72851461
7.0705 253.84732504
7.0763 253.44329207
7.0821 253.44329207
7.0879 253.58551638
7.0937 253.58551638
7.0995 254.74470692
7.1053 255.97129146
7.1111 255.97129146
7.1169 257.89473684
7.1227 257.89473684
7.1285 257.89473684
7.1343 257.89473684
7.1401 258.45939608
7.1459 257.89473684
7.1517 257.89473684
7.1576 257.89473684
7.1634 257.89473684
7.1692 258.04768926
7.1750 258.04768926
7.1808 257.89473684
7.1866 257.27050217
7.1924 257.27050217
7.1982 256.83877744
7.2040 256.83877744
7.2098 256.67251714
7.2156 255.36160540
7.2214 255.36160540
7.2272 255.48619124
7.2330 255.48619124
7.2388 253.08753922
7.2446 253.08753922
7.2504 252.70591753
7.2562 252.85963052
7.2620 252.85963052
7.2678 253.08533192
7.2737 253.08533192
7.2795 253.29223301
7.2853 254.87557365
7.2911 254.87557365
7.2969 256.39534884
7.3027 256.39534884
7.3085 256.75634741
7.3143 256.75634741
7.3201 257.86065680
7.3259 259.33726685
7.3317 259.33726685
7.3375 260.94674556
7.3433 260.94674556
7.3491 262.50000000
7.3549 262.50000000
7.3607 265.43310775
7.3665 267.46919948
7.3723 267.46919948
7.3781 267.67331731
7.3839 267.67331731
7.3898 269.02742734
7.4536 295.97315436
7.4594 302.43779357
7.4652 305.24261290
7.4710 305.24261290
7.4768 307.53673347
7.4826 307.53673347
7.4884 310.62389837
7.4942 310.62389837
7.5000 311.10032518
7.5059 311.24192532
7.5117 311.24192532
7.5175 309.61846121
7.5233 309.61846121
7.5291 305.19226155
7.5349 305.19226155
7.5407 302.26077969
7.5465 296.73847281
7.5523 296.73847281
7.5581 295.72035805
7.5639 295.72035805
7.5697 295.20486332
7.5755 296.08943588
7.5813 296.08943588
7.5871 298.71903153
7.5929 298.71903153
7.5987 294.70130965
7.6045 294.70130965
7.6103 293.11983183
7.6974 184.51882845
7.7032 184.51882845
7.7090 180.22166234
7.7148 180.22166234
7.7206 183.78645019
7.7264 185.72445360
7.7322 185.72445360
7.7380 188.46153846
7.7439 188.46153846
7.7497 195.13274336
7.7555 194.27312775
7.7613 194.27312775
7.7671 195.38920141
7.7729 195.38920141
7.7787 197.58001878
7.7845 197.58001878
7.7903 197.43799591
7.7961 195.96437554
7.8019 195.96437554
7.8077 195.05168428
7.8135 195.05168428
7.8193 193.27966392
7.8251 194.27312775
7.8309 194.27312775
7.8367 195.13274336
7.8425 195.13274336
7.8483 194.27312775
7.8541 194.27312775
7.8600 195.94248911
7.8658 197.93219324
7.8716 197.93219324
7.8774 200.13142750
7.8832 200.13142750
7.8890 201.76685093
7.8948 201.76685093
7.9006 202.91373137
7.9064 201.23612432
7.9122 201.23612432
7.9180 196.44993843
7.9238 196.44993843
7.9296 195.13274336
7.9354 195.21878450
7.9412 195.21878450
7.9470 303.90480696
7.9528 303.90480696
7.9586 198.62178692
7.9644 198.62178692
7.9702 199.39038149
7.9761 200.80797230
7.9819 200.80797230
7.9877 199.93210928
7.9935 199.93210928
7.9993 197.03523310
8.0863 165.18535029
8.0922 165.18535029
8.0980 193.33313277
8.1038 193.33313277
8.1096 195.51294101
8.1154 197.58957701
8.1212 197.58957701
8.1270 153.65853659
8.1328 153.65853659
8.1386 195.81984843
8.1444 195.81984843
8.1502 196.00000000
8.1560 198.07237894
8.1618 198.07237894
8.1676 198.36420908
8.1734 198.36420908
8.1792 198.01562700
8.2315 196.87500000
8.2373 201.29818108
8.2431 201.29818108
8.2489 205.21330124
8.2547 205.21330124
8.2605 208.01886792
8.2663 203.78527620
8.2721 203.78527620
8.2779 202.91953331
8.2837 202.91953331
8.2895 200.95695635
8.2953 198.91251358
8.3011 198.91251358
8.3069 198.07866075
8.3127 198.07866075
8.3185 197.04079744
8.3244 197.04079744
8.3302 198.15149159
8.3360 198.86081685
8.3418 198.86081685
8.3476 198.51640977
8.3534 198.51640977
8.3592 197.82005211
8.3650 197.82005211
8.3708 196.60125254
8.3766 196.41449374
8.3824 196.41449374
8.3882 196.00000000
8.3940 196.00000000
8.3998 195.86693868
8.4056 197.32394155
8.4114 197.32394155
8.4172 198.45307032
8.4230 198.45307032
8.4288 199.33134603
8.4346 199.33134603
8.4405 202.19466867
8.4463 202.71566814
8.4521 202.71566814
8.5682 192.57641921
8.5740 192.57641921
8.5798 231.88007755
8.5856 202.29357798
8.5914 202.29357798
8.5972 201.36986301
8.6030 201.36986301
8.6088 202.29357798
8.6146 202.29357798
8.6204 195.88812060
8.6262   0.00000000
8.8004   0.00000000
8.8062 226.97636761
8.8120 226.97636761
8.8178 214.07766990
8.8236 214.07766990
8.8294 220.50000000
8.8352 220.17202640
8.8410 220.17202640
8.8468 219.49919454
8.8526 219.49919454
8.8584 216.17647059
8.8642 216.17647059
8.8700 214.65752833
8.8758 215.91981751
8.8816 215.91981751
8.8874 219.40298507
8.8932 219.40298507
8.8990 225.58115696
8.9049 225.58115696
8.9107 230.32453444
8.9165 235.52598886
8.9223 235.52598886
8.9281 238.37837838
8.9339 238.37837838
8.9397 239.99140051
8.9455 245.83073359
8.9513 245.83073359
8.9571 249.78919307
8.9629 249.78919307
8.9687 250.31381851
8.9745 250.31381851
8.9803 247.75280899
8.9861 250.18663120
8.9919 250.18663120
8.9977 249.73661798
9.0035 249.73661798
9.0093 249.03967354
9.0151 245.76289061
9.0210 245.76289061
9.0268 243.23515938
9.0326 243.23515938
9.0384 240.34497654
9.1429  91.87500000
9.1487 249.15254237
9.1545 249.15254237
9.1603 251.54569778
9.1661 254.28438255
9.1719 254.28438255
9.1777 252.74605867
9.1835 252.74605867
9.1893 252.83141681
9.1951 250.04154141
9.2009 250.04154141
9.2067 249.53155527
9.2125 249.53155527
9.2183 249.55772286
9.2241 249.55772286
9.2299 248.77763665
9.2357 247.20823127
9.2415 247.20823127
9.2473 245.08789940
9.2532 245.08789940
9.2590 243.92004512
9.2648 243.92004512
9.2706 243.64640884
9.2764 243.74774066
9.2822 243.74774066
9.2880 244.26616763
9.2938 244.26616763
9.2996 245.00000000
9.3054 246.63473321
9.3112 246.63473321
9.3170 247.63874971
9.3228 247.63874971
9.3286 248.66849031
9.3344 248.66849031
9.3402 246.36871508
9.3460 248.80328546
9.3518 248.80328546
9.3576 245.91447032
9.3634 245.91447032
9.3693 243.03064829
9.6363 125.19411241
9.6421 125.19411241
9.6479  83.89501784
9.6537  83.89501784
9.6595 120.16348774
9.6653 100.45558087
9.6711 100.45558087
9.6769 214.22269814
9.8859   0.00000000
9.8917   0.00000000
9.8975 204.16666667
9.9033 204.16666667
9.9091 205.86025647
9.9149 205.86025647
9.9207 214.07766990
9.9265 218.28844642
9.9323 218.28844642
9.9381 216.97770266
9.9439 216.97770266
9.9498 216.17647059
9.9556 215.79270706
9.9614 215.79270706
9.9672 216.08949481
9.9730 216.08949481
9.9788 216.17647059
9.9846 216.17647059
9.9904 217.42228949
9.9962 218.95642843
10.0020 218.95642843
10.0078 224.90483730
10.0136 224.90483730
10.0194 229.68750000
10.0252 234.86762748
10.0310 234.86762748
10.0368 240.98360656
10.0426 240.98360656
10.0484 246.33255062
10.0542 246.33255062
10.0600 248.16991015
10.0659 249.73764625
10.0717 249.73764625
10.0775 249.70660633
10.1587 240.87833129
10.1645 240.87833129
10.1703 236.67744763
10.1761 235.82980702
10.1820 235.82980702
10.1878 233.15840637
10.1936 233.15840637
10.1994 234.41396788
10.2052 232.43743148
10.2110 232.43743148
10.2168 228.06942546
10.2226 228.06942546
10.2284 228.66501082
10.2342 228.66501082
10.2400 222.94174127
10.2458 221.71670245
10.2516 221.71670245
10.2574 221.89622552
10.2632 221.89622552
10.2690 221.87741565
10.2748 221.87741565
10.2806 221.09201218
10.2864 219.94002092
10.2922 219.94002092
10.2980 220.52795123
10.3039 220.52795123
10.3097 221.39824184
10.3155 221.14384967
10.3213 221.14384967
10.3271 221.93928155
10.3329 221.93928155
10.3387 220.64409409
10.3445 220.64409409
10.3503 222.04183057
10.3561 222.43355170
10.3619 222.43355170
10.3677 222.41911700
10.3735 222.41911700
10.3793 222.88211694
10.3851 222.35147486
10.3909 222.35147486
10.3967 221.97075327
10.4025 221.97075327
10.4083 220.98447062
10.4141 220.98447062
10.4200 220.26659750
10.4258 216.42613744
10.4316 216.42613744
10.4374 218.79786018
10.4432 218.79786018
10.4490 216.01189212
10.4548 216.01189212
10.7683   0.00000000
10.7741   0.00000000
10.7799   0.00000000
10.7857   0.00000000
10.7915   0.00000000
10.7973   0.00000000
10.8031   0.00000000
10.8089 168.45872819
10.8147 168.45872819
10.8205 152.57776078
10.8263 261.67346961
10.9540 219.20479104
10.9598 204.46174706
10.9656 192.57641921
10.9714 192.57641921
10.9772 202.48293511
10.9830 202.48293511
10.9888 201.06215086
10.9946 201.06215086
11.0005 200.16130265
11.0063 195.98317947
11.0121 195.98317947
11.0179 194.27312775
11.0237 194.27312775
11.0295 189.03719903
11.0353 193.42105263
11.0411 193.42105263
11.0469 195.13274336
11.0527 195.13274336
11.0585 199.73874770
11.0643 199.73874770
11.0701 205.11627907
11.0759 212.23014294
11.0817 212.23014294
11.0875 219.40298507
11.0933 219.40298507
11.0991 223.90256585
11.1049 223.90256585
11.1107 226.71952460
11.1166 227.44333532
11.1224 227.44333532
11.1282 227.33479087
11.1340 227.33479087
11.1398 225.83064233
11.1456 225.59583264
11.1514 225.59583264
11.1572 225.23645022
11.1630 225.23645022
11.1688 223.09461065
11.1746 223.09461065
11.1804 222.39264239
11.1862 223.02102859
11.1920 223.02102859
11.1978 222.03575017
11.2036 222.03575017
11.2094 221.32497987
11.2152 220.78754323
11.2210 220.78754323
11.2268 223.45266518
11.2327 223.45266518
11.2385 224.28576198
11.2443 224.28576198
11.2501 224.91686183
11.2559 224.17147841
11.2617 224.17147841
11.2675 223.30829869
11.2733 223.30829869
11.2791 223.25705489
11.2849 223.25705489
11.2907 221.75665864
11.2965 220.40731922
11.3023 220.40731922
11.3081 219.67647391
11.3139 219.67647391
11.3197 219.02179795
11.3255 218.11019995
11.3313 218.11019995
11.3371 217.46914156
11.3429 217.46914156
11.3488 219.22840594
11.3546 219.22840594
11.4939   0.00000000
11.4997   0.00000000
11.5055 249.25896885
11.5113 249.25896885
11.5171 242.30769231
11.5229 242.30769231
11.5287 242.52842700
11.5345 242.52842700
11.5403 243.87171444
11.5461 245.02508038
11.5519 245.02508038
11.5577 246.21289173
11.5635 246.21289173
11.5693 247.19085112
11.5751 248.03924631
11.5810 248.03924631
11.5868 247.28133803
11.5926 247.28133803
11.5984 247.20546442
11.6042 247.20546442
11.6100 245.99777912
11.6158 245.35885819
11.6216 245.35885819
11.6274 245.56742981
11.6332 245.56742981
11.6390 245.82235593
11.6448 245.82235593
11.6506 244.82390364
11.6564 240.46076964
11.6622 240.46076964
11.6680 217.24137931
11.6738 217.24137931
11.8538 168.05337039
11.8596 187.65957447
11.8654 203.56693757
11.8712 203.56693757
11.8770 216.17647059
11.8828 216.17647059
11.8886 220.34799843
11.8944 220.34799843
11.9002 222.11750773
11.9060 223.08891985
11.9118 223.08891985
11.9176 227.31958763
11.9234 227.31958763
11.9293 231.00512097
11.9351 235.88820104
11.9409 235.88820104
11.9467 240.98360656
11.9525 240.98360656
11.9583 242.30769231
11.9641 242.30769231
11.9699 242.49648964
11.9757 243.64640884
11.9815 243.64640884
11.9873 241.79863943
11.9931 241.79863943
11.9989 239.39643255
12.0047 239.39643255
12.0105 243.64640884
12.0163 243.64640884
12.0221 243.64640884
12.0279 240.98360656
12.0337 240.98360656
12.0395 239.63489721
12.0454 237.09677419
12.0512 237.09677419
12.0570 236.46851742
12.0628 236.46851742
12.0686 233.96976281
12.0744 233.96976281
12.0802 230.89005236
12.0860 229.68750000
12.0918 229.68750000
12.0976 226.30982662
12.1034 226.30982662
12.1092 225.89030347
12.1150 224.97129320
12.1208 224.97129320
12.1266 224.45638836
12.1324 224.45638836
12.1382 225.84841390
12.1440 225.84841390
12.1498 224.63015803
12.1556 224.53313804
12.1615 224.53313804
12.1673 225.57424826
12.1731 225.57424826
12.1789 225.55622601
12.1847 225.55622601
12.1905 225.10680268
12.1963 224.69962397
12.2021 224.69962397
12.2079 222.76172654
12.2137 222.76172654
12.2195 222.66849752
12.2253 222.32218074
12.2311 222.32218074
12.2369 223.56299014
12.2427 223.56299014
12.2485 223.35377953
12.2543 223.35377953
12.2601 224.22573212
12.2659 225.48481132
12.2717 225.48481132
12.2776 223.88703579
12.2834 223.88703579
12.2892 224.86290185
12.2950 224.86290185
12.3008 224.07347673
12.3066 224.27039967
12.3124 224.27039967
12.3182 223.84163105
12.3240 223.84163105
12.3298 223.79828580
12.3356 223.81128731
12.3414 223.81128731
12.3472 221.47665937
12.3530 221.47665937
12.3588 220.50000000
12.3646 220.50000000
12.3704 221.02575258
12.3762 220.34347275
12.3820 220.34347275
12.3878 221.33501862
12.3937 221.33501862
12.3995 222.22008660
12.4053 225.57979220
12.4111 225.57979220
12.4169 227.65494710
12.4227 227.65494710
12.4285 230.66469195
12.4343 230.66469195
12.4401 232.49229091
12.4459 232.62727566
12.4517 232.62727566
12.4575 234.05713169
12.4633 234.05713169
12.4691 228.48322827
12.4749 228.48322827
12.4807 222.60463196
12.4865 224.66053520
12.5504 177.28470712
12.5562 179.23021441
12.5620 179.23021441
12.5678 178.09045018
12.5736 178.09045018
12.5794 179.85411763
12.5852 184.52578929
12.5910 184.52578929
12.5968 188.65787002
12.6026 188.65787002
12.6084 194.81101186
12.6142 194.81101186
12.6200 197.09773962
12.6259 199.41996544
12.6317 199.41996544
12.6375 200.63037265
12.6433 200.63037265
12.6491 200.82741747
12.6549 200.82741747
12.6607 200.35426620
12.6665 198.49919464
12.6723 198.49919464
12.6781 196.16839696
12.6839 196.16839696
12.6897 192.02642427
12.6955 183.75000000
12.7013 183.75000000
12.7071 198.70762438
12.7129 198.70762438
12.7187 198.56377379
12.7245 198.56377379
12.7303 198.72928555
12.7361 200.00262235
12.7420 200.00262235
12.7478 200.11102640
12.7536 200.11102640
12.8755   0.00000000
12.8813   0.00000000
12.8871   0.00000000
12.8929   0.00000000
12.8987 211.00478469
12.9045 211.00478469
12.9103 220.27922068
12.9161 225.52377713
12.9219 225.52377713
12.9277 226.31447271
12.9335 226.31447271
12.9393 227.14250792
12.9451 227.05032119
12.9509 227.05032119
12.9567 228.49740933
12.9625 228.49740933
12.9683 228.94908205
12.9741 228.94908205
12.9800 227.19648186
12.9858 225.82909742
12.9916 225.82909742
12.9974 224.11014378
13.0032 224.11014378
13.0090 222.44115735
13.0148 222.44115735
13.0206 221.73168398
13.0264 223.09437621
13.0322 223.09437621
13.0380 223.42660139
13.0438 223.42660139
13.0496 223.98825658
13.0554 225.10826530
13.0612 225.10826530
13.0670 225.88284752
13.0728 225.88284752
13.0786 226.56960366
13.0844 226.56960366
13.0902 225.66490464
13.0961 225.68109856
13.1019 225.68109856
13.1077 225.05840172
13.1135 225.05840172
13.1193 225.19194750
13.1251 224.58019950
13.1309 224.58019950
13.1367 224.45300481
13.1425 224.45300481
13.1483 224.54001921
13.1541 224.54001921
13.1599 225.00000000
13.1657 225.62450811
13.1715 225.62450811
13.1773 226.65152326
13.1831 226.65152326
13.1889 227.26490881
13.1947 227.26490881
13.2005 227.31958763
13.2063 229.26701078
13.2122 229.26701078
13.2180 229.68750000
13.2238 229.68750000
13.2296 228.83187704
13.2354 227.70123885
13.2412 227.70123885
13.2470 225.92540764
13.2528 225.92540764
13.2586 224.35088291
13.2644 224.35088291
13.2702 222.67323641
13.2760 220.52608011
13.2818 220.52608011
13.2876 219.90192631
13.2934 219.90192631
13.2992 218.05725453
13.3050 218.13370698
13.3108 218.13370698
13.3166 218.12663053
13.3224 218.12663053
13.3283 219.78971124
13.3341 219.78971124
13.3399 221.20487300
13.3457 222.36549711
13.3515 222.36549711
13.3573 222.79394635
13.3631 222.79394635
13.3689 223.82364333
13.3747 223.82364333
13.3805 225.08538349
13.3863 227.22427225
13.3921 227.22427225
13.3979 227.56596780
13.4037 227.56596780
13.4095 228.24827371
13.4153 227.35460043
13.4211 227.35460043
13.4269 226.88772983
13.4327 226.88772983
13.4385 225.81880732
13.4444 225.81880732
13.4502 224.69540395
13.4560 223.28493864
13.4618 223.28493864
13.4676 223.14230040
13.4734 223.14230040
13.4792 222.84261143
13.4850 222.84261143
13.4908 224.80287655
13.4966 225.69973619
13.5024 225.69973619
13.5082 226.08437956
13.5140 226.08437956
13.5198 225.76565861
13.5256 226.83200771
13.5314 226.83200771
13.5372 226.35190066
13.5430 226.35190066
13.5488 226.80582347
13.5546 226.80582347
13.5605 226.30362665
13.5663 227.10951016
13.5721 227.10951016
13.5779 227.69738819
13.5837 227.69738819
13.5895 227.52422848
13.5953 226.05803736
13.6011 226.05803736
13.6069 224.00063906
13.6127 224.00063906
13.6185 222.03492406
13.6243 222.03492406
13.6301 220.20349972
13.6359 220.64395478
13.6417 220.64395478
13.6475 220.18302813
13.6533 220.18302813
13.6591 221.57345402
13.6649 221.57345402
13.6707 222.69350327
13.6766 224.00197626
13.6824 224.00197626
13.6882 224.89928641
18.4308 153.39526516
18.4366 107.78207263
18.4424 107.78207263
18.4483  99.53537495
18.4541  99.53537495
18.4599  99.32248578
18.4657 101.92788516
18.4715 101.92788516
18.4773 103.04087680
18.4831 103.04087680
18.4889 103.76482083
18.4947 103.76482083
18.5005 104.00943396
18.5063 103.58943683
18.5121 103.58943683
18.5179 102.25225026
18.5237 102.25225026
18.5295 101.61290323
18.5353 101.91978670
18.5411 101.91978670
18.5469 101.01025095
18.5527 101.01025095
18.5585 101.99950810
18.5644 101.99950810
18.5702 100.66850471
18.6224 102.67752218
18.6282 112.78772379
18.6340 112.78772379
18.6398 122.84122563
18.6456 124.95841456
18.6514 124.95841456
18.6572 127.99668437
18.6630 127.99668437
18.6688 128.58066224
18.6746 128.58066224
18.6805 133.14097276
18.6863 132.78376775
18.6921 132.78376775
18.6979 134.90698827
18.7037 134.90698827
18.7095 138.59348205
18.7153 143.47938805
18.7211 143.47938805
18.7269 146.84608108
18.7327 146.84608108
18.7385 150.11752599
18.7443 150.11752599
18.7501 155.52138148
18.7559 158.64527682
18.7617 158.64527682
18.7675 161.84322070
18.7733 161.84322070
18.7791 166.03280319
18.7849 166.03280319
18.7907 167.27390606
18.7966 168.56236323
18.8024 168.56236323
18.8082 167.51326015
18.8140 167.51326015
18.8198 167.39571080
18.8256 168.49425088
18.8314 168.49425088
18.8372 168.51030538
18.8430 168.51030538
18.8488 172.94737044
18.8546 172.94737044
18.8604 175.51481482
18.8662 183.31727539
18.8720 183.31727539
18.9068 185.29411765
18.9127 185.29411765
18.9185 180.00000000
18.9243 180.00000000
18.9301 173.62204724
18.9359 173.08191551
18.9417 173.08191551
18.9475 172.01328823
18.9533 172.01328823
18.9591 175.44919382
18.9649 175.44919382
18.9707 178.54251012
18.9765 183.85755952
18.9823 183.85755952
18.9881 192.57641921
18.9939 192.57641921
18.9997 193.60286845
19.0055 195.91497428
19.0113 195.91497428
19.1274   0.00000000
19.1332   0.00000000
19.1390   0.00000000
19.1449   0.00000000
19.1507   0.00000000
19.1565   0.00000000
19.1623   0.00000000
19.1681 168.71176426
19.1739 168.71176426
19.1797 172.36034604
19.1855 179.26829268
19.1913 179.26829268
19.1971 184.75089565
19.2029 184.75089565
19.2087 190.12560792
19.2145 190.12560792
19.2203 194.48880275
19.2261 197.86995090
19.2319 197.86995090
19.2377 198.43243678
19.2435 198.43243678
19.2493 199.62151030
19.2551 198.42620369
19.2610 198.42620369
19.2668 195.99963759
19.2726 195.99963759
19.2784 191.84230374
19.2842 191.84230374
19.2900 188.94306666
19.2958 187.71850732
19.3016 187.71850732
19.3074 188.39804187
19.3132 188.39804187
19.3190 189.68651276
19.3248 189.68651276
19.3306 192.19374483
19.3364 195.21001322
19.3422 195.21001322
19.3480 198.06498531
19.3538 198.06498531
19.3596 202.00039499
19.3654 205.70278447
19.3712 205.70278447
19.3771 205.11627907
19.3829 205.11627907
19.3887 190.54300084
19.3945 190.54300084
19.4003 196.51855741
19.4061 199.53648573
19.4119 199.53648573
19.4177 199.90493029
19.4235 199.90493029
19.4293 197.08812882
19.4351 194.51397944
19.4409 194.51397944
19.4467 190.99092312
19.4525 190.99092312
19.4583 191.08700071
19.4641 191.08700071
19.4699 192.84829445
19.4757 194.46923774
19.4815 194.46923774
19.4873 196.87061629
19.4932 196.87061629
19.4990 201.06578856
19.5048 201.06578856
19.5106 203.95067424
19.5164 205.72700939
19.5222 205.72700939
19.5280 208.95014257
19.5338 208.95014257
19.5396 210.49311207
19.5454 212.01161077
19.5512 212.01161077
19.5570 212.82421658
19.5628 212.82421658
19.5686 213.24985993
19.5744 213.24985993
19.5802 212.30638439
19.5860 210.93112177
19.5918 210.93112177
19.5976 205.85313329
19.6034 205.85313329
19.6093 198.75526362
19.6151 190.06358863
19.6209 190.06358863
19.6267 177.45007015
19.6325 177.45007015
19.6383 172.69469272
19.6441 172.69469272
19.6499 155.71191373
19.6557 158.10686048
19.6615 158.10686048
19.6673 153.17275945
19.6731 153.17275945
19.6789  72.05574599
19.6847  72.05574599
19.6905 146.29511741
19.6963 154.10066658
19.7021 154.10066658
19.7079 162.44887604
19.7137 162.44887604
19.7195 175.37269979
19.7254 186.27287893
19.7312 186.27287893
19.7370 194.11974380
19.7428 194.11974380
19.7486 201.03992071
19.7544 201.03992071
19.7602 205.35340998
19.7660 210.42145815
19.7718 210.42145815
19.7776 215.12195122
19.7834 215.12195122
19.7892 219.63492739
19.7950 222.31375806
19.8008 222.31375806
19.8066 226.85344021
19.8124 226.85344021
19.8182 227.31958763
19.8240 227.31958763
19.8298 232.10526316
19.8356 118.41753951
19.8415 118.41753951
19.8473 119.51219512
19.8531 119.51219512
19.8589 243.42085163
19.8647 243.42085163
19.8705 246.81316723
19.8763 249.26327551
19.8821 249.26327551
19.8879 249.89657475
19.8937 249.89657475
19.8995 248.56809804
19.9053 247.88807133
19.9111 247.88807133
19.9169 248.45047303
19.9227 248.45047303
19.9285 249.39108172
19.9343 249.39108172
19.9401 250.56818182
19.9459 247.22432907
19.9517 247.22432907
19.9576 249.85478131
19.9634 249.85478131
19.9692 247.78088758
19.9750 247.78088758
19.9808 243.64640884
19.9866 247.75280899
19.9924 247.75280899
20.1027   0.00000000
20.1085   0.00000000
20.1143   0.00000000
20.1201   0.00000000
20.1259   0.00000000
20.1317   0.00000000
20.1375 208.19374169
20.1433 208.19374169
20.1491 214.22934739
20.1549 214.22934739
20.1607 222.17192457
20.1665 228.66568560
20.1723 228.66568560
20.1781 232.14447865
20.1839 232.14447865
20.1898 233.59670600
20.1956 231.75639325
20.2014 231.75639325
20.2072 230.15466969
20.2130 230.15466969
20.2188 228.94280223
20.2246 228.94280223
20.2304 227.64485711
20.2362 226.30966639
20.2420 226.30966639
20.2478 226.53953994
20.2536 226.53953994
20.2594 228.00236516
20.2652 230.97273305
20.2710 230.97273305
20.2768 235.79004652
20.2826 235.79004652
20.2884 242.37910961
20.2942 242.37910961
20.3000 250.05217440
20.3059 254.20960069
20.3117 254.20960069
20.3175 256.38264395
20.3233 256.38264395
20.3291 259.43135185
20.3349 259.43135185
20.3407 260.88684675
20.3465 259.69237304
20.3523 259.69237304
20.3581 257.85689782
20.3639 257.85689782
20.3697 255.47980942
20.3755 254.16466943
20.3813 254.16466943
20.3871 253.50771359
20.3929 253.50771359
20.3987 253.41160695
20.4045 253.41160695
20.4103 253.57701679
20.4161 254.04113348
20.4220 254.04113348
20.4278 254.28023828
20.4336 254.28023828
20.4394 253.72380828
20.4452 253.51160494
20.4510 253.51160494
20.4568 253.80788248
20.4626 253.80788248
20.4684 252.33611218
20.4742 252.33611218
20.4800 251.80629254
20.4858 251.10617627
20.4916 251.10617627
20.4974 250.61167780
20.5032 250.61167780
20.5090 249.22741038
20.5148 249.22741038
20.5671 214.07766990
20.5729 214.07766990
20.5787  65.91928251
20.5845  65.91928251
20.5903 222.35598904
20.5961 210.04862403
20.6019 210.04862403
20.6077 225.16865196
20.6135 225.16865196
20.6193 234.87323032
20.6251 242.59133825
20.6309 242.59133825
20.6367 248.27854152
20.6425 248.27854152
20.6483 249.03931967
20.6541 249.03931967
20.6600 249.44715981
20.6658 248.45267884
20.6716 248.45267884
20.6774 247.83470449
20.6832 247.83470449
20.6890 245.51710667
20.6948 245.51710667
20.7006 243.95995268
20.7064 242.48755031
20.7122 242.48755031
20.7180 241.26671361
20.7238 241.26671361
20.7296 240.23640277
20.7354 240.62970063
20.7412 240.62970063
20.7470 241.33990460
20.7528 241.33990460
20.7586 241.32729182
20.7644 241.32729182
20.7702 240.52853371
20.7761 240.04797643
20.7819 240.04797643
20.7877 235.54488658
20.7935 235.54488658
20.7993 230.51763878
20.8051 224.27700626
20.8109 224.27700626
20.8167 212.01923077
20.8225 212.01923077
20.8283 207.48142595
20.8341 207.48142595
20.8399 204.61131249
20.8457 208.01886792
20.8515 208.01886792
20.8573 212.13014249
20.8631 212.13014249
20.8689 216.14966716
20.8747 216.14966716
20.8805 221.71485456
20.8863 228.49740933
20.8922 228.49740933
20.8980 235.50841044
20.9038 235.50841044
20.9096 241.66433402
20.9154 246.31033625
20.9212 246.31033625
20.9270 249.15340686
20.9328 249.15340686
20.9386 249.51691902
20.9444 249.51691902
20.9502 247.75280899
20.9560 245.47586501
20.9618 245.47586501
20.9676 242.30769231
20.9734 242.30769231
20.9792 240.84639279
20.9850 239.53734890
20.9908 239.53734890
20.9966 238.44728248
21.0024 238.44728248
21.0083 237.27545133
21.0141 237.27545133
21.0199 235.89588723
21.0257 234.66687209
21.0315 234.66687209
21.0373 233.87035599
21.0431 233.87035599
21.0489 231.53102055
21.0547 231.53102055
21.0605 229.84479715
21.0663 228.18463942
21.0721 228.18463942
21.0779 226.31019996
21.0837 226.31019996
21.0895 224.58909912
21.0953 222.35837587
21.1011 222.35837587
21.1069 219.53721600
21.1127 219.53721600
21.1534 199.50688652
21.1592 204.56806370
21.1650 204.56806370
21.1708 186.86440678
21.1766 184.49407034
21.1824 184.49407034
21.1882 189.73245347
21.1940 189.73245347
21.1998 189.58911580
21.2056 196.04051627
21.2114 196.04051627
21.2172 199.63615324
21.2230 199.63615324
21.2288 202.36170509
21.2346 202.36170509
21.2405 203.63975925
21.2463 205.14175795
21.2521 205.14175795
21.2579 205.41015667
21.2637 205.41015667
21.2695 204.69976336
21.2753 204.46051118
21.2811 204.46051118
21.2869 204.29413887
21.2927 204.29413887
21.2985 203.00563296
21.3043 203.00563296
21.3101 201.30809692
21.3159 199.79388724
21.3217 199.79388724
21.3275 198.60393537
21.3333 198.60393537
21.3391 198.10368984
21.3449 198.10368984
21.3507 199.17434708
21.3566 199.55546335
21.3624 199.55546335
21.3682 200.17290852
21.3740 200.17290852
21.3798 200.83757040
21.3856 201.03481499
21.3914 201.03481499
21.3972 200.77431414
21.4030 200.77431414
21.4088 200.21631737
21.4146 200.21631737
21.4204 200.13957792
21.4262 200.36267175
21.4320 200.36267175
21.4378 201.02256732
21.4436 201.02256732
21.4494 199.63974569
21.4552 197.94167843
21.4610 197.94167843
21.4668 196.19708496
21.4727 196.19708496
21.4785 195.01881601
21.4843 195.01881601
21.4901 193.59609293
21.4959 192.52910216
21.5017 192.52910216
21.5075 192.03097942
21.5133 192.03097942
21.5191 192.81196534
21.5249 192.81196534
21.5307 194.64321325
21.5365 196.07275664
21.5423 196.07275664
21.5481 198.15083387
21.5539 198.15083387
21.5597 199.63029997
21.5655 201.16904239
21.5713 201.16904239
21.5771 205.00480657
21.5829 205.00480657
21.5888 208.88565005
21.5946 208.88565005
21.6004 209.52340238
21.6062 208.41006115
21.6120 208.41006115
21.6178 206.79251785
21.6236 206.79251785
21.6294 201.07424860
21.6352 194.56966534
21.6410 194.56966534
21.6468 185.06336543
21.6526 185.06336543
21.6584 175.97674439
21.6642 175.97674439
21.6700 163.14033986
21.6758 164.99931765
21.6816 164.99931765
21.6874 158.63309353
21.6932 158.63309353
21.6990 170.67588416
21.7049 170.67588416
21.7107 172.51149013
21.7165 176.40000000
21.7223 176.40000000
21.7281 178.61396632
21.7339 178.61396632
21.7397 184.97296306
21.7455 188.31099766
21.7513 188.31099766
21.7571 197.95070898
21.7629 197.95070898
21.7687 204.87411062
21.7745 204.87411062
21.7803 211.56354819
21.7861 203.81764842
22.1518  95.04310345
22.1576  61.32131584
22.1634  61.32131584
22.1693 206.65118878
22.1751 208.48087551
22.1809 208.48087551
22.4131   0.00000000
22.4189   0.00000000
22.4247   0.00000000
22.4305   0.00000000
22.4363 156.14098227
22.4421 156.14098227
22.4479 144.99923946
22.4537 144.99923946
22.4595 149.49152542
22.4653 152.55224776
22.4711 152.55224776
22.4769 153.12500000
22.4827 153.12500000
22.4885 155.15400849
22.4943 155.15400849
22.5001 160.64863985
22.5059 163.42234264
22.5117 163.42234264
22.5176 165.78006940
22.5234 165.78006940
22.5292 167.46021526
22.5350 167.46021526
22.5408 169.10654289
22.5466 173.84458642
22.5524 173.84458642
22.5582 177.44772141
22.5640 177.44772141
22.5698 182.20556165
22.5756 185.71158103
22.5814 185.71158103
22.5872 190.37426202
22.5930 190.37426202
22.5988 190.47913313
22.6046 190.47913313
22.6104 194.05129014
22.6162 193.53764087
22.6220 193.53764087
22.6278 195.08265914
22.6337 195.08265914
22.6395 194.92134736
22.6453 196.89762034
22.6511 196.89762034
22.6569 197.10063590
22.6627 197.10063590
22.6685 196.69964214
22.6743 196.69964214
22.6801 195.14331217
22.6859 195.42127622
22.6917 195.42127622
22.6975 195.10022233
22.7033 195.10022233
22.7091 195.98132861
22.7149 195.98132861
22.7207 196.56257756
22.7265 198.35304076
22.7323 198.35304076
22.7381 198.64829098
22.7439 198.64829098
22.7498 196.42882205
22.7556 193.61285555
22.7614 193.61285555
22.7672 190.34613563
22.7730 190.34613563
22.9878   0.00000000
22.9936   0.00000000
22.9994   0.00000000
23.0052   0.00000000
23.0110   0.00000000
23.0168 197.04329282
23.0226 197.04329282
23.0284 202.96744529
23.0342 202.96744529
23.0400 206.02334086
23.0458 205.52555750
23.0516 205.52555750
23.0574 202.61657863
23.0632 202.61657863
23.0690 200.92815839
23.0748 200.92815839
23.0806 199.52886860
23.0864 197.98688866
23.0922 197.98688866
23.0980 197.76223210
23.1039 197.76223210
23.1097 198.62908573
23.1155 199.08977330
23.1213 199.08977330
23.1271 198.55276048
23.1329 198.55276048
23.1387 197.82117304
23.1445 197.82117304
23.1503 198.14749227
23.1561 198.59811291
23.1619 198.59811291
23.1677 198.69783938
23.1735 198.69783938
23.1793 198.14080433
23.1851 197.64582146
23.1909 197.64582146
23.1967 196.00000000
23.2025 196.00000000
23.2083 197.70839266
23.2141 197.70839266
23.2200 198.99420907
23.2258 199.05813184
23.2316 199.05813184
23.2374 199.08465047
23.2490 200.18993516
23.2548 200.18993516
23.2606 201.43987577
23.2664 202.13469119
23.2722 202.13469119
23.2780 203.80908179
23.2838 203.80908179
23.2896 202.31345359
23.2954 201.62488903
23.3012 201.62488903
23.3070 199.70588287
23.3128 199.70588287
23.3186 197.81593688
23.3244 197.81593688
23.3302 193.71738485
23.3361 189.16516731
23.3419 189.16516731
23.3477 183.56613356
23.3535 183.56613356
23.3593 187.03168334
23.3651 191.08809001
23.3709 191.08809001
23.3767 193.22657044
23.3825 193.22657044
23.3883 194.00623363
23.3941 194.00623363
23.3999 194.60907460
23.4057 193.54532109
23.4115 193.54532109
23.4173 194.80086839
23.4231 194.80086839
23.4289 194.34709920
23.4347 194.34709920
23.4405 194.01199858
23.4463 193.21513751
23.4522 193.21513751
23.4580 192.10567500
23.4638 192.10567500
23.4696 191.62643545
23.4754 189.96591044
23.4812 189.96591044
23.4870 190.88433315
23.4928 190.88433315
23.4986 191.75601020
23.5044 191.75601020
23.5102 192.08970544
23.5160 194.44710863
23.5218 194.44710863
23.5276 195.13142178
23.5334 195.13142178
23.5392 198.38403036
23.5450 198.82790844
23.5508 198.82790844
23.5566 201.74737229
23.5624 201.74737229
23.5683 204.00475457
23.5741 204.00475457
23.5799 205.83404287
23.5857 206.12685607
23.5915 206.12685607
23.5973 204.33336355
23.6031 204.33336355
23.6089 200.41540823
23.6147 200.41540823
23.6205 196.33747046
23.6263 192.61824099
23.6321 192.61824099
23.6379 190.05671431
23.6437 190.05671431
23.6495 188.46153846
23.6553 188.09399711
23.6611 188.09399711
23.6669 188.46153846
23.6727 188.46153846
23.6785 193.42105263
23.8527 194.22036221
23.8585 197.45683693
23.8643 197.45683693
23.8701 309.19630730
23.8759 201.36986301
23.8817 201.36986301
23.8875 352.80000000
23.8933 352.80000000
23.8991 191.73913043
23.9049 191.73913043
23.9107 191.54258944
23.9166 198.23269884
23.9224 198.23269884
23.9282 202.18710651
23.9340 202.18710651
23.9398 202.16001779
23.9456 200.23490364
23.9514 200.23490364
23.9572 196.55578772
23.9630 196.55578772
23.9688 196.98182664
23.9746 196.98182664
23.9804 195.62645716
23.9862 193.17815362
23.9920 193.17815362
23.9978 192.73441331
24.0036 192.73441331
24.1023 171.81968241
24.1081 168.61926898
24.1139 168.61926898
24.1197 180.55503924
24.1255 190.89667517
24.1313 190.89667517
24.1371 196.00000000
24.1429 196.00000000
24.1488 207.35340947
24.1546 207.35340947
24.1604 216.11623039
24.1662 222.23621335
24.1720 222.23621335
24.1778 228.34683421
24.1836 228.34683421
24.1894 230.45457122
24.1952 230.21593450
24.2010 230.21593450
24.2068 231.66060771
24.2126 231.66060771
24.2184 234.83972160
24.2242 234.83972160
24.2300 236.35752254
24.2358 248.00706651
24.2416 248.00706651
24.2474 257.17641757
24.2532 257.17641757
24.2590 260.01578614
24.2649 260.01578614
24.2707 267.05836688
24.2765 269.44553367
24.2823 269.44553367
24.2881 270.66252713
24.2939 270.66252713
24.2997 272.43970226
24.4448   0.00000000
24.4506   0.00000000
24.4564   0.00000000
24.4622   0.00000000
24.4680   0.00000000
24.4738   0.00000000
24.4796   0.00000000
24.4854 248.46566129
24.4912 248.46566129
24.4971 244.25139193
24.5029 244.25139193
24.5087 242.86282212
24.5145 242.86282212
24.5203 246.35654421
24.5261 250.62769033
24.5319 250.62769033
24.5377 255.28744891
24.5435 255.28744891
24.5493 259.40233655
24.5551 264.39900277
24.5609 264.39900277
24.5667 266.91850191
24.5725 266.91850191
24.5783 268.66906755
24.5841 268.66906755
24.5899 269.07268785
24.5957 269.85294161
24.6015 269.85294161
24.6073 270.20077820
24.6132 270.20077820
24.6190 268.53620826
24.6248 268.53620826
24.6306 267.37547829
24.6364 266.35290329
24.6422 266.35290329
24.6480 264.84385875
24.6538 264.84385875
24.6596 264.14860908
24.6654 262.84419744
24.6712 262.84419744
24.6770 262.32501973
24.6828 262.32501973
24.6886 262.32961066
24.6944 262.32961066
24.7002 262.16388175
24.7060 262.35472001
24.7118 262.35472001
24.7176 262.37267484
24.7234 262.37267484
24.7293 262.13078493
24.7351 262.18196432
24.7409 262.18196432
24.7467 261.83063743
24.7525 261.83063743
24.7583 261.16743601
24.7641 261.16743601
24.7699 260.60649082
24.7757 261.26950693
24.7815 261.26950693
24.7873 261.64599554
24.7931 261.64599554
24.7989 261.69774681
24.8047 261.69774681
24.8105 261.30533157
24.8163 261.30549561
24.8221 261.30549561
24.8279 261.04780447
24.8337 261.04780447
24.8395 261.60301468
24.8454 262.33470818
24.8512 262.33470818
24.8570 263.13689080
24.8628 263.13689080
24.8686 263.35063793
24.8744 263.35063793
24.8802 262.77295686
24.8860 263.29693267
24.8918 263.29693267
24.8976 263.67920241
24.9034 263.67920241
24.9092 263.36328467
24.9150 263.37326165
24.9208 263.37326165
24.9266 263.27078883
24.9673 245.22710835
24.9731 245.22710835
24.9789 265.66265060
24.9847 265.66265060
24.9905 282.33527464
24.9963 291.80465398
25.0021 291.80465398
25.0079 296.40063362
25.0137 296.40063362
25.0195 300.10592187
25.0253 301.84150918
25.0311 301.84150918
25.0369 301.65962564
25.0427 301.65962564
25.0485 300.87902222
25.0543 300.87902222
25.0601 299.27938128
25.0659 298.37455851
25.0717 298.37455851
25.0776 298.91766596
25.0834 298.91766596
25.0892 297.79885455
25.0950 297.79885455
25.1008 299.28654439
25.1066 301.46696477
25.1124 301.46696477
25.1182 301.81355186
25.1240 301.81355186
25.1298 301.69255880
25.1356 297.26172449
25.1414 297.26172449
25.1472 290.79909895
25.1937 229.68750000
25.1995 204.16666667
25.2053 195.68278619
25.2111 195.68278619
25.2169  85.67709340
25.2227  85.67709340
25.2285 151.02739726
25.2343 151.02739726
25.2401 150.78672995
25.2459 160.94890511
25.2517 160.94890511
25.2575 162.73062731
25.2633 162.73062731
25.2691 166.20436532
25.2749 166.20436532
25.2807 177.82258065
25.2865 186.16087019
25.2923 186.16087019
25.2981 190.34851163
25.3039 190.34851163
25.3098 190.48383603
25.3156 192.13115290
25.3214 192.13115290
25.3272 192.49746728
25.3330 192.49746728
25.3388 192.70875156
25.3446 192.70875156
25.3504 192.87574585
25.3562 191.73913043
25.3620 191.73913043
25.3678 192.30633369
25.3736 192.30633369
25.3794 192.92152137
25.3852 193.19915199
25.3910 193.19915199
25.3968 193.42105263
25.4026 193.42105263
25.4084 195.17589389
25.4142 195.17589389
25.4200 197.44415851
25.4259 198.94009695
25.4317 198.94009695
25.4375 200.36767536
25.5420 167.68060837
25.5478 179.79975678
25.5536 179.79975678
25.5594 221.36110160
25.5652 171.31910130
25.5710 171.31910130
25.5768 183.41305628
25.5826 183.41305628
25.5884 188.46153846
25.5942 188.46153846
25.6000 195.13274336
25.6058 196.87500000
25.6116 196.87500000
25.7509   0.00000000
25.7567   0.00000000
25.7625   0.00000000
25.7683   0.00000000
25.7741   0.00000000
25.7800   0.00000000
25.7858   0.00000000
25.7916   0.00000000
25.7974 195.13274336
25.8032 195.13274336
25.8090 208.01886792
25.8148 208.01886792
25.8206 208.53666951
25.8264 205.94456749
25.8322 205.94456749
25.8380 202.44447471
25.8438 202.44447471
25.8496 199.22129505
25.8554 195.13274336
25.8612 195.13274336
25.8670 189.48279313
25.8728 189.48279313
25.8786 185.11229677
25.8844 185.11229677
25.8902 181.42742305
25.8961 180.17520499
25.9019 180.17520499
25.9077 181.28551289
25.9135 181.28551289
25.9193 184.10955561
25.9251 186.07594937
25.9309 186.07594937
25.9367 189.87056007
25.9425 189.87056007
25.9483 193.68251094
25.9541 193.68251094
25.9599 199.33478267
25.9657 202.19455614
25.9715 202.19455614
25.9773 207.04225352
25.9831 207.04225352
25.9889 209.00473934
25.9947 209.00473934
26.0005 209.00473934
26.0063 205.11627907
26.0122 205.11627907
26.0180 202.39218538
26.0238 202.39218538
26.0296 198.64864865
26.0354 197.09881670
26.0412 197.09881670
26.0470 197.41598283
26.0528 197.41598283
26.0586 198.74051310
26.0644 198.74051310
26.0702 200.74448771
26.0760 197.86355711
26.0818 197.86355711
26.0876 202.21397426
26.0934 202.21397426
26.0992 197.50729660
26.1050 198.56046438
26.1108 198.56046438
26.1166 199.24367395
26.1224 199.24367395
26.1283 200.45996432
26.1341 200.45996432
26.1399 201.25310733
26.1457 196.87500000
26.1515 196.87500000
26.1573 204.83352020
26.1631 204.83352020
26.1689 203.61135439
26.1747 203.61135439
26.1805 203.43490762
26.1863 202.87127569
26.1921 202.87127569
26.1979 201.88637464
26.2037 201.88637464
26.2095 202.03791035
26.2153 202.15050790
26.2211 202.15050790
26.2269 201.53420482
26.2327 201.53420482
26.2385 200.30353454
26.2444 200.30353454
26.2502 199.54357352
26.2560 198.33240404
26.2618 198.33240404
26.2676 198.51236534
26.2734 198.51236534
26.2792 198.55085760
26.2850 198.55085760
26.2908 199.41386985
26.2966 201.32431146
26.3024 201.32431146
26.3082 202.97696104
26.3140 202.97696104
26.3198 217.24137931
26.3256 211.80179151
26.3314 211.80179151
26.3372 215.13665912
26.3430 215.13665912
26.3488 217.86008790
26.3546 217.86008790
26.3605 219.95577252
26.3663 220.74314153
26.3721 220.74314153
26.3779 221.26312790
26.3837 221.26312790
26.3895 222.83605275
26.3953 223.95201989
26.4011 223.95201989
26.4069 225.74934263
26.4127 225.74934263
26.4185 228.92619626
26.4243 228.92619626
26.4301 234.57446809
26.4359 237.59072344
26.4417 237.59072344
26.4475 243.18689765
26.4533 243.18689765
26.4591 247.20323695
26.4649 247.20323695
26.4707 249.15254237
26.4766 250.28478015
26.4824 250.28478015
26.4882 250.77812690
26.4940 250.77812690
26.4998 251.35139596
26.5056 250.55570475
26.5114 250.55570475
26.5172 249.18286295
26.5230 249.18286295
26.5288 248.09220827
26.5346 248.09220827
26.5404 248.36305452
26.5462 248.44527835
26.5520 248.44527835
26.5578 249.12887325
26.5636 249.12887325
26.5694 249.76603878
26.5752 250.50091185
26.5810 250.50091185
26.5868 247.75280899
26.5927 247.75280899
26.5985 251.36280177
26.6043 251.36280177
26.6101 250.65605616
26.6159 249.84045878
26.6217 249.84045878
26.6275 250.61718764
26.6333 250.61718764
26.6391 251.91087182
26.6449 251.91087182
26.6507 250.37877348
26.6565 249.77125248
26.6623 249.77125248
26.6681 249.32162034
26.6739 249.32162034
26.6797 248.94302101
26.6855 248.80320562
26.6913 248.80320562
26.6971 249.36849838
26.7029 249.36849838
26.7088 249.42747966
26.7146 249.42747966
26.7204 249.70029510
26.7262 248.98343412
26.7320 248.98343412
26.7378 247.44006987
26.7436 247.44006987
26.7494 246.93374896
26.7552 246.23820343
26.7610 246.23820343
26.7668 245.20385123
26.7726 245.20385123
26.7784 244.86131155
26.7842 244.86131155
26.7900 244.92923182
26.7958 245.44215569
26.8016 245.44215569
26.9293 240.26848055
26.9351 241.91303633
26.9410 241.91303633
26.9468 244.79387852
26.9526 244.79387852
26.9584 246.50614548
26.9642 246.50614548
26.9700 247.27800345
26.9758 247.67429780
26.9816 247.67429780
26.9874 248.82467169
26.9932 248.82467169
26.9990 249.59065645
27.0048 249.59065645
27.0106 250.10756690
27.0164 250.12117205
27.0222 250.12117205
27.0280 249.73967873
27.0338 249.73967873
27.0396 250.27075708
27.0454 249.79015142
27.0512 249.79015142
27.0571 249.88103172
27.0629 249.88103172
27.0687 249.79605054
27.0745 249.79605054
27.0803 249.26153294
27.0861 248.92678376
27.0919 248.92678376
27.0977 248.35482228
27.1035 248.35482228
27.1093 248.42463422
27.1151 246.36871508
27.1209 246.36871508
27.1267 248.90470315
27.1325 248.90470315
27.1383 247.19012049
27.1441 247.19012049
27.1499 246.22148838
27.1557 245.32751141
27.1615 245.32751141
27.1673 245.00000000
27.1732 245.00000000
27.1790 246.58411516
27.1848 246.58411516
27.1906 247.45470055
27.1964 247.88233771
27.2022 247.88233771
27.2080 248.20881569
27.2138 248.20881569
27.2196 247.38300124
27.2254 245.92903600
27.2312 245.92903600
27.2370 245.00000000
27.2428 245.00000000
27.2486 243.65475006
27.2544 243.65475006
27.2602 243.64640884
27.2660 243.76301856
27.2718 243.76301856
27.2776 242.48532606
27.2834 242.48532606
27.2893 242.95427690
27.2951 243.87451516
27.3009 243.87451516
27.3067 246.51025917
27.3125 246.51025917
27.3183 244.06782129
27.3241 244.06782129
27.3299 241.56647278
27.3357 237.75440250
27.3415 237.75440250
27.3473 235.19135911
27.3531 235.19135911
27.3589 232.34033326
27.3647 232.34033326
27.3705 225.61969628
27.3763 219.22288345
27.3821 219.22288345
27.3879 215.26314924
27.3937 215.26314924
27.3995 210.57250399
27.4054 211.25956610
27.4112 211.25956610
27.4170 209.00473934
27.4228 209.00473934
27.4286 212.87702494
27.4344 212.87702494
27.4402 218.16596932
27.4460 223.52414568
27.4518 223.52414568
27.4576 227.48253777
27.4634 227.48253777
27.4692 233.60086232
27.4750 237.31112325
27.4808 237.31112325
27.4866 246.20227271
27.4924 246.20227271
27.4982 251.88023259
27.5040 251.88023259
27.5098 253.49933714
27.5156 253.15141105
27.5215 253.15141105
27.5273 254.94210509
27.5331 254.94210509
27.5389 253.73616795
27.5447 253.73616795
27.5505 254.07795066
27.5563 253.46837631
27.5621 253.46837631
27.5679 253.64592597
27.5737 253.64592597
27.5795 252.67472875
27.6376 232.10526316
27.6434 232.10526316
27.6492 101.60398101
27.6550 101.60398101
27.6608 221.60804020
27.6666  64.00580552
27.6724  64.00580552
27.6782 217.24137931
27.6840 217.24137931
27.6898 176.40000000
27.6956 216.17647059
27.7014 216.17647059
27.7072 207.04225352
27.7130 207.04225352
27.7188 221.60804020
27.8930 251.99262756
27.8988 251.86099379
27.9046 251.86099379
27.9104 242.33113220
27.9162 242.88901399
27.9220 242.88901399
27.9278 242.30769231
27.9336 242.30769231
27.9394 100.88734338
27.9452 223.85786802
27.9510 223.85786802
27.9568 188.47891044
27.9626 188.47891044
27.9684 196.00000000
27.9742 196.00000000
27.9800 198.26476393
27.9859 197.86487807
27.9917 197.86487807
27.9975 195.72038718
28.0033 195.72038718
28.0091 197.60860030
28.0149 197.60860030
28.0207 196.92863510
28.0265 195.69675463
28.0323 195.69675463
28.0381 194.27312775
28.0439 194.27312775
28.0497 195.13274336
28.0555 193.42105263
28.0613 193.42105263
28.0671 193.70486917
28.0729 193.70486917
28.0787 195.13274336
28.0845 195.13274336
28.0903 195.05096585
28.0961 196.12442056
28.1020 196.12442056
28.1078 196.58673046
28.1136 196.58673046
28.1194 197.70678312
28.1252 198.34000777
28.1310 198.34000777
28.1368 196.75713163
28.1426 196.75713163
28.1484 194.05410619
28.1542 194.05410619
28.1600 190.49161269
28.1658 191.73913043
28.1716 191.73913043
28.1774 191.50227065
28.1832 191.50227065
28.1890 191.97961509
28.1948 191.97961509
28.2006 189.74987098
28.2064 188.03549474
28.2122 188.03549474
28.2180 190.90909091
28.2239 190.90909091
28.2297 194.99691515
28.2355 198.10500036
28.2413 198.10500036
28.4677   0.00000000
28.4735   0.00000000
28.4793  88.09242876
28.4851 178.25335327
28.4909 178.25335327
28.4967 182.32924776
28.5025 182.32924776
28.5083 185.58057844
28.5141 185.58057844
28.5199 190.08620690
28.5257 198.61078268
28.5315 198.61078268
28.5373 204.70142175
28.5431 204.70142175
28.5489 206.32457241
28.5547 206.32457241
28.5605 208.64499201
28.5663 208.78172316
28.5722 208.78172316
28.5780 208.55785741
28.5838 208.55785741
28.5896 208.24749024
28.5954 208.83015695
28.6012 208.83015695
28.6070 209.76754471
28.6128 209.76754471
28.6186 211.39070983
28.6244 211.39070983
28.6302 213.95822886
28.6360 216.32536592
28.6418 216.32536592
28.6476 217.80292364
28.6534 217.80292364
28.6592 217.11959189
28.6650 216.98050688
28.6708 216.98050688
28.6766 220.14731200
28.6824 220.14731200
28.6883 220.45206829
28.6941 220.45206829
28.6999 220.94588472
28.7057 221.77927734
28.7115 221.77927734
28.7173 222.78581566
28.7231 222.78581566
28.7289 222.25083780
28.7347 222.25083780
28.7405 222.46167382
28.7463 222.66996697
28.7521 222.66996697
28.7579 221.19974287
28.7637 221.19974287
28.7695 220.94586124
28.7753 219.65957977
28.7811 219.65957977
28.7869 217.93408204
28.7927 217.93408204
28.7985 217.88388223
28.8044 217.88388223
28.8102 218.31683168
28.8160 216.36742766
28.8218 216.36742766
28.8276 216.63511988
28.8334 216.63511988
28.8392 215.79135769
28.8450 215.79135769
28.8508 214.07766990
28.8566 214.07766990
28.8624 214.07766990
28.8682 214.15721211
28.8740 214.15721211
28.8798 215.12195122
28.8856 214.81329832
28.8914 214.81329832
28.8972 215.12195122
28.9030 215.12195122
28.9088 215.91634116
28.9146 215.91634116
28.9205 217.40425611
28.9263 220.37929495
28.9321 220.37929495
28.9379 221.69858339
28.9437 221.69858339
28.9495 221.80640454
29.2455   0.00000000
29.2513   0.00000000
29.2571  73.37929879
29.2629  73.37929879
29.2688  72.71168084
29.2746  72.71168084
29.2804 218.64969388
29.2862 109.15841584
29.2920 109.15841584
29.2978  69.55129291
29.3036  69.55129291
29.3094  50.86103544
29.3152 131.24965283
29.3210 131.24965283
29.3268 274.04825014
29.3326 274.04825014
29.3384 270.80406813
29.3442 270.80406813
29.3500 267.90001297
29.3558 262.08522794
29.3616 262.08522794
29.3674 257.63814383
29.3732 257.63814383
29.3790 254.87754237
29.3849 254.87754237
29.3907 253.86078766
29.3965 253.00253564
29.4023 253.00253564
29.4081 251.92206567
29.4139 251.92206567
29.4197 250.04287052
29.4255 247.75280899
29.5184  98.65771812
29.5242  98.65771812
29.5300 202.29357798
29.5358  60.32831737
29.5416  60.32831737
29.5474  58.78059942
29.5532  58.78059942
29.5590  94.83870968
29.5648  94.83870968
29.5706 197.75784753
29.5764 210.96324234
29.5822 210.96324234
29.5880 224.69413288
29.5938 224.69413288
29.5996 233.73756146
29.6054 237.61360409
29.6112 237.61360409
29.6171 237.47573995
29.6229 237.47573995
29.6287 237.46323159
29.6345 237.46323159
29.6403 236.49714475
29.6461 237.61031854
29.6519 237.61031854
29.6577 241.16013736
29.6635 241.16013736
29.6693 240.53746540
29.6751 239.84521187
29.6809 239.84521187
29.6867 238.17487744
29.6925 238.17487744
29.6983 237.74798008
29.7041 237.74798008
29.7099 235.96027504
29.7157 234.15442903
29.7215 234.15442903
29.7273 233.18785941
29.7332 233.18785941
29.7390 233.40952397
29.7448 233.40952397
29.7506 231.58139168
29.7564 229.68750000
29.7622 229.68750000
29.7680 229.61629041
29.7738 229.61629041
29.7796 228.88924956
29.7854 227.26193841
29.7912 227.26193841
29.7970 227.27901771
29.8028 227.27901771
29.8086 226.71925676
29.8144 226.71925676
29.8202 225.10337130
29.8260 224.08384395
29.8318 224.08384395
29.8376 223.61707143
29.8434 223.61707143
29.8493 224.95430631
29.8551 224.79155276
29.8609 224.79155276
29.8667 225.63366959
29.8725 225.63366959
29.8783 227.06013727
30.0582 222.15524967
30.0640 222.15524967
30.0698 230.13701436
30.0756 228.49740933
30.0815 228.49740933
30.0873  57.88838480
30.0931  57.88838480
30.0989 155.14105438
30.1047 155.14105438
30.1105 158.83059095
30.1163 164.34854676
30.1221 164.34854676
30.1279 168.93294483
30.1337 168.93294483
30.1395 172.35464170
30.1453 173.94108615
30.1511 173.94108615
30.1569 175.73946646
30.1627 175.73946646
30.1685 180.20408473
30.1743 180.20408473
30.1801 181.13858688
30.1859 185.14491687
30.1917 185.14491687
30.1976 188.74856633
30.2034 188.74856633
30.2092 190.17391463
30.2150 190.17391463
30.2208 193.42105263
30.2266 194.12498542
30.2324 194.12498542
30.2382 194.93229573
30.2440 194.93229573
30.2498 196.74726308
30.2556 197.38733336
30.2614 197.38733336
30.3253 186.86440678
30.3311 186.86440678
30.3369 190.70327743
30.3427 190.70327743
30.3485 191.11858327
30.3543 191.11858327
30.3601 193.13054415
30.3659 192.71325355
30.3717 192.71325355
30.3775 192.02283374
30.3833 192.02283374
30.3891 191.45413962
30.3949 191.45413962
30.4007 188.55852932
30.4065 188.38054955
30.4123 188.38054955
30.4181 189.29120392
30.4239 189.29120392
30.4298 191.03647779
30.4356 192.18365380
30.4414 192.18365380
30.4472 199.58671965
30.4530 199.58671965
30.4588 200.12003910
30.4646 200.12003910
30.4704 199.03079965
30.4762 198.37219253
30.4820 198.37219253
30.4878 196.43779813
30.4936 196.43779813
30.4994 195.48112191
30.5052 194.19145030
30.5110 194.19145030
30.5168 192.44947237
30.5226 192.44947237
30.5284 192.90730455
30.5342 192.90730455
30.5400 191.24103757
30.5459 189.36492228
30.5517 189.36492228
30.5575 191.01105187
30.5633 191.01105187
30.5691 192.18149023
30.5749 192.18149023
30.5807 193.79010569
30.5865 196.89338661
30.5923 196.89338661
30.5981 198.23987363
30.6039 198.23987363
30.6097 198.13406202
30.6155 198.36616717
30.6213 198.36616717
30.6271 197.50151163
30.6329 197.50151163
30.6387 197.65589342
30.6445 197.65589342
30.6503 196.57529318
30.6561 194.74782662
30.6620 194.74782662
30.6678 193.64848647
30.6736 193.64848647
30.6794 190.88724119
30.6852 190.45864633
30.6910 190.45864633
30.6968 189.87216481
30.7026 189.87216481
30.7084 189.60562157
30.7142 189.60562157
30.7200 190.12624336
30.7258 192.72487544
30.7316 192.72487544
30.7374 194.34063153
30.7432 194.34063153
30.7490 196.09700357
30.7548 196.09700357
30.7606 197.77139049
30.7664 201.26428770
30.7722 201.26428770
30.7780 203.33376940
30.7839 203.33376940
