0.9694  99.59200000
0.9752  99.56790000
0.9810 102.24300000
0.9868 102.22500000
0.9927 102.15800000
0.9985 102.05500000
1.0043 101.70900000
1.0101 101.52900000
1.0159 100.51600000
1.0217  97.45620000
1.0275  99.98710000
1.0333 101.04100000
1.0391 102.95600000
1.0449 103.76800000
1.0507 104.44000000
1.0565 105.17900000
1.0623 105.76600000
1.0681 106.03900000
1.0739 106.51800000
1.0797 105.76000000
1.0855 106.55600000
1.0913 107.46700000
1.0971 108.85100000
1.1029 110.73500000
1.1088 110.99200000
1.1146 112.62900000
1.1204 114.41400000
1.1262 116.01400000
1.1320 118.97900000
1.1378 121.50700000
1.1436 123.20800000
1.1494 125.41300000
1.1552 126.58800000
1.1610 127.60900000
1.1668 128.41900000
1.1726 129.82500000
1.1784 131.32300000
1.1842 134.11100000
1.1900 137.41500000
1.1958 140.06900000
1.2016 142.99600000
1.2074 146.44000000
1.2132 151.53300000
1.2190 154.75200000
1.2249 158.09600000
1.2307 160.53200000
1.2365 163.10400000
1.2423 165.80200000
1.2481 168.28300000
1.2539 170.66300000
1.2597 172.67400000
1.2655 173.94000000
1.2713 174.74700000
1.2771 175.26600000
1.2829 174.62400000
1.2887 174.55800000
1.2945 174.88700000
1.3003 174.91800000
1.3061 175.90000000
1.3119 176.10100000
1.3177 175.66400000
1.3235 175.44000000
1.3293 174.69900000
1.3351 173.94200000
1.3410 173.45600000
1.3468 172.72300000
1.3526 172.01500000
1.3584 171.53900000
1.3642 170.58600000
1.3700 170.54500000
1.3758 170.56900000
1.3816 170.45300000
1.3874 170.89200000
1.3932 170.85300000
1.3990 171.31500000
1.4048 172.42700000
1.4106 173.36100000
1.4164 174.41600000
1.4222 175.01500000
1.4280 175.61800000
1.4338 176.09400000
1.4396 176.06200000
1.4454 175.63400000
1.4512 174.76400000
1.4571 170.92600000
1.5441 192.52700000
1.5499 195.40800000
1.5557 197.87900000
1.5615 199.18400000
1.5673 198.97800000
1.5732 198.55100000
1.5790 198.02000000
1.5848 197.60300000
1.5906 197.72800000
1.5964 198.28300000
1.6022 198.93800000
1.6080 198.98300000
1.6138 199.06400000
1.6196 199.08900000
1.6254 198.35500000
1.6312 197.69100000
1.6370 196.76900000
1.6428 196.03400000
1.6486 195.48200000
1.6544 194.83500000
1.6602 194.74400000
1.6660 194.92000000
1.6718 195.01100000
1.6776 195.61800000
1.6834 196.43700000
1.6893 197.99200000
1.6951 201.16100000
1.7009 203.06700000
1.7067 205.00200000
1.7125 205.62300000
1.7183 205.61300000
1.7241 205.80100000
1.7299 205.63900000
1.7357 205.79400000
1.7415 205.92000000
1.7473 205.96800000
1.7531 205.60300000
1.7589 205.18000000
1.7647 204.55300000
1.7705 204.02600000
1.7763 203.34700000
1.7821 202.58700000
1.7879 201.56200000
1.7937 200.63300000
1.7995 200.14200000
1.8054 199.50800000
1.8112 199.05500000
1.8170 198.84200000
1.8228 198.23900000
1.8286 197.94500000
1.8344 197.82500000
1.8402 197.56400000
1.8460 197.15600000
1.8518 196.82300000
1.8576 196.42000000
1.8634 196.41100000
1.8692 196.46100000
1.8750 196.90400000
1.8808 197.11100000
1.8866 197.31200000
1.8924 197.65500000
1.8982 197.54500000
1.9040 198.03100000
1.9098 198.40700000
1.9156 198.61400000
1.9215 199.19600000
1.9273 199.64300000
1.9331 200.01300000
1.9389 200.46000000
1.9447 200.67400000
1.9505 200.86000000
1.9563 200.95100000
1.9621 200.86600000
1.9679 199.99900000
2.0317 195.87400000
2.0376 196.84000000
2.0434 197.48500000
2.0492 197.91000000
2.0550 198.40500000
2.0608 199.10500000
2.0666 200.14700000
2.0724 201.30900000
2.0782 201.75000000
2.0840 202.01600000
2.0898 201.79400000
2.0956 201.68300000
2.1014 201.58900000
2.1072 201.07400000
2.1130 200.57300000
2.1188 199.87200000
2.1246 199.20500000
2.1304 198.85100000
2.1362 198.19000000
2.1420 197.46800000
2.1478 196.43100000
2.1537 194.00500000
2.1595 191.63900000
2.1653 188.34900000
2.1711 187.83300000
2.1769 187.78700000
2.1827 187.88800000
2.1885 187.96700000
2.1943 187.94300000
2.2001 188.79200000
2.2059 190.28900000
2.2117 192.08700000
2.2175 194.37000000
2.2233 196.93100000
2.2291 199.14600000
2.2349 202.56000000
2.2407 207.29300000
2.2465 211.46900000
2.2523 213.12200000
2.2581 214.63600000
2.2639 215.11100000
2.2698 216.80500000
2.2756 217.80400000
2.2814 218.19600000
2.2872 218.66300000
2.2930 218.61900000
2.2988 218.23600000
2.3046 217.74900000
2.3104 217.41100000
2.3162 217.37700000
2.3220 217.63800000
2.3278 218.48200000
2.3336 220.04800000
2.3394 221.71800000
2.3452 223.79400000
2.3510 226.82100000
2.3568 229.93700000
2.3626 232.31100000
2.3684 234.89500000
2.3742 237.06000000
2.3800 239.77400000
2.3859 241.70400000
2.3917 243.91000000
2.3975 246.09600000
2.4033 246.92800000
2.4091 247.80600000
2.4149 248.35000000
2.4207 248.43200000
2.4265 248.72200000
2.4323 248.59100000
2.4381 248.26100000
2.4439 248.19700000
2.4497 247.62100000
2.4555 247.36900000
2.4613 247.00600000
2.4671 246.89400000
2.4729 246.93500000
2.4787 247.30200000
2.4845 247.96700000
2.4903 248.32800000
2.4961 249.07200000
2.5020 249.68500000
2.5078 249.98700000
2.5136 250.02500000
2.5194 249.73400000
2.5252 249.66700000
2.5310 249.59900000
2.5368 249.84900000
2.5426 249.80100000
2.5484 250.06200000
2.5542 250.16800000
2.5600 250.41200000
2.5658 250.69400000
2.5716 250.62200000
2.5774 250.48000000
2.5832 250.30800000
2.5890 249.61900000
2.5948 249.16400000
2.6006 248.42600000
2.6064 247.75100000
2.6122 247.28100000
2.6180 246.69100000
2.6239 246.24200000
2.6297 245.96600000
2.6355 245.75000000
2.6413 245.16500000
2.6471 244.59600000
2.6529 243.55800000
2.6587 242.57200000
2.6645 242.13700000
2.6703 241.94100000
2.6761 242.06400000
2.6819 242.45800000
2.6877 242.80200000
2.6935 243.55800000
2.6993 244.55300000
2.7051 245.48400000
2.7109 246.72700000
2.7167 247.58200000
2.7225 248.19100000
2.7283 248.78500000
2.7341 248.71200000
2.7400 248.31100000
2.7458 247.71800000
2.7516 246.38100000
2.7574 245.30000000
2.7632 243.52500000
2.7690 241.47400000
2.8386 215.22700000
2.8444 215.46200000
2.8502 215.56500000
2.8561 216.56300000
2.8619 217.62300000
2.8677 219.05800000
2.8735 221.64900000
2.8793 223.71200000
2.8851 225.45100000
2.8909 227.22400000
2.8967 229.01800000
2.9025 230.29400000
2.9083 232.22300000
2.9141 233.95900000
2.9199 235.30800000
2.9257 236.42200000
2.9315 237.79100000
2.9373 238.94100000
2.9431 240.14300000
2.9489 241.46400000
2.9547 242.26300000
2.9605 242.80600000
2.9663 242.80100000
2.9722 242.64200000
2.9780 242.48300000
2.9838 242.36700000
2.9896 242.65000000
2.9954 243.09700000
3.0012 243.54100000
3.0070 244.02600000
3.0128 244.13000000
3.0186 244.23100000
3.0244 244.22100000
3.0302 244.36600000
3.0360 244.47800000
3.0418 244.71300000
3.0476 244.97000000
3.0534 244.97500000
3.0592 245.32700000
3.0650 245.44700000
3.0708 245.51200000
3.0766 245.59400000
3.0824 245.44800000
3.0883 245.30200000
3.0941 245.20600000
3.0999 245.19100000
3.1057 245.00600000
3.1115 244.93100000
3.1173 244.68500000
3.1231 244.36100000
3.1289 244.10300000
3.1347 243.70000000
3.1405 243.29800000
3.1463 242.88200000
3.1521 242.78200000
3.1579 242.81800000
3.1637 243.43500000
3.1695 243.75200000
3.1753 243.81200000
3.1811 244.09200000
3.1869 243.84800000
3.1927 243.68100000
3.1985 243.28700000
3.2044 242.60700000
3.2102 242.30900000
3.2160 241.87800000
3.2218 241.59600000
3.2276 241.41700000
3.2334 240.87300000
3.2392 240.19800000
3.2450 239.63300000
3.2508 239.13400000
3.2566 238.61700000
3.2624 238.02100000
3.2682 237.29800000
3.2740 236.26200000
3.2856 233.80600000
3.2914 232.32900000
3.2972 230.80300000
3.3030 229.03600000
3.3088 226.79500000
3.3146 224.30800000
3.3205 221.56700000
3.3263 219.69200000
3.3321 219.37800000
3.3379 220.73700000
3.3437 218.81700000
3.3495 218.43800000
3.3553 217.99500000
3.3611 217.75800000
3.3669 217.75100000
3.3727 218.12800000
3.3843 221.50700000
3.3901 223.18500000
3.3959 224.34000000
3.4017 225.28000000
3.4075 227.02000000
3.4133 228.52400000
3.4191 230.22300000
3.4249 232.30000000
3.4307 233.76300000
3.4366 234.88300000
3.4424 235.76200000
3.4482 238.35900000
3.4540 239.99900000
3.4598 240.83200000
3.4656 240.88600000
3.4714 240.50800000
3.4772 239.87300000
3.4830 239.07700000
3.4888 238.40500000
3.4946 237.79200000
3.5004 236.68300000
3.5062 235.55300000
3.5120 234.13200000
3.5178 232.47600000
3.5236 231.34200000
3.5294 230.18900000
3.5352 229.57300000
3.5410 228.80500000
3.5468 227.39300000
3.5527 227.08300000
3.5585 226.40700000
3.5643 225.62600000
3.5701 225.11600000
3.5759 224.85400000
3.5817 224.48400000
3.5875 223.67000000
3.5933 223.14700000
3.5991 222.51000000
3.6049 221.69700000
3.6107 221.66700000
3.6165 221.58800000
3.6223 220.51200000
3.6281 219.63800000
3.6339 218.81400000
3.6397 217.42700000
3.6455 214.79000000
3.6513 212.79500000
3.6571 210.43400000
3.6629 207.12100000
3.6688 201.56000000
3.6746 196.03000000
3.6804 192.86600000
3.6862 188.56900000
3.6920 185.80600000
3.6978 184.31800000
3.7036 184.12900000
3.7094 185.29400000
3.7152 186.38000000
3.7210 187.26800000
3.7268 188.02500000
3.7326 189.11200000
3.7384 190.03800000
3.7442 191.15600000
3.7500 192.40000000
3.7558 193.17500000
3.7616 193.83900000
3.7674 194.33300000
3.7732 194.78700000
3.7790 194.84300000
3.7849 195.09100000
3.7907 195.06400000
3.7965 194.70100000
3.8023 194.35100000
3.8081 193.82800000
3.8139 193.37100000
3.8197 192.51700000
3.8255 191.96300000
3.8313 191.19300000
3.8371 190.35300000
3.8429 189.56600000
3.8487 188.37100000
3.8545 187.49400000
3.8603 186.75900000
3.8661 186.60800000
3.8719 186.82500000
3.8777 187.22600000
3.8835 187.78200000
3.8893 188.30700000
3.8951 189.06100000
3.9010 190.19500000
3.9068 191.74300000
3.9126 193.16900000
3.9184 194.33800000
3.9242 195.08900000
3.9300 195.95800000
3.9358 196.35600000
3.9416 196.83800000
3.9474 197.36000000
3.9532 197.49600000
3.9590 197.53300000
3.9648 197.13400000
3.9706 196.83900000
3.9764 196.72800000
3.9822 196.76600000
3.9880 196.84600000
3.9938 196.56100000
3.9996 196.35500000
4.0054 196.14900000
4.0112 195.84600000
4.0171 195.65900000
4.0229 195.25500000
4.0287 194.88200000
4.0345 194.20700000
4.0403 193.84200000
4.0461 193.70500000
4.0519 193.26900000
4.0577 193.13600000
4.0635 193.06000000
4.0693 192.83600000
4.0751 192.97800000
4.0809 192.86500000
4.0867 192.41700000
4.0925 192.16300000
4.0983 191.59600000
4.1041 191.32300000
4.1099 191.02200000
4.1157 191.20900000
4.1215 191.79700000
4.1273 192.17200000
4.1332 192.74500000
4.1390 193.05600000
4.1448 193.63500000
4.1506 194.16200000
4.1564 194.62700000
4.1622 195.68700000
4.1680 197.11400000
4.1738 198.78800000
4.1796 199.40300000
4.1854 200.29900000
4.1912 200.48100000
4.1970 200.98000000
4.2028 201.84700000
4.2086 202.23600000
4.2144 203.02200000
4.2202 203.08400000
4.2260 202.75200000
4.2318 202.65700000
4.2376 201.89300000
4.2434 200.37400000
4.2493 198.92300000
4.2551 197.37000000
4.2609 195.80900000
4.2667 193.69900000
4.9517 141.30200000
4.9575 140.93700000
4.9633 140.72400000
4.9691 140.72800000
4.9749 141.86300000
4.9807 143.40900000
4.9865 145.44400000
4.9923 146.59200000
4.9981 148.05100000
5.0039 149.58200000
5.0097 151.18500000
5.0155 152.76400000
5.0213 154.70000000
5.0271 157.10400000
5.0329 159.48400000
5.0387 161.81100000
5.0445 163.86200000
5.0503 165.98600000
5.0561 168.44000000
5.0620 170.82100000
5.0678 173.25600000
5.0736 175.76900000
5.0794 178.17700000
5.0852 179.83700000
5.0910 181.32300000
5.0968 182.58400000
5.1026 183.78800000
5.1084 184.97200000
5.1142 186.81400000
5.1200 188.20700000
5.1258 189.22900000
5.1316 190.23100000
5.1374 191.49300000
5.1432 192.65600000
5.1490 193.73000000
5.1548 194.44600000
5.1606 194.97000000
5.1664 195.90900000
5.1722 196.13600000
5.1780 196.93300000
5.1839 196.99200000
5.1897 196.81200000
5.1955 197.27900000
5.2013 197.21400000
5.2071 197.55200000
5.2129 198.29500000
5.2187 198.17700000
5.2245 197.69700000
5.2303 198.33900000
5.2361 198.09100000
5.2419 198.43200000
5.2477 198.26100000
5.2535 197.77700000
5.2593 196.89000000
5.2651 196.01300000
5.2709 195.28600000
5.2767 193.70500000
5.2825 193.35300000
5.2883 193.35200000
5.2941 192.89300000
5.3000 193.49500000
5.3058 193.98700000
5.3116 194.07300000
5.3174 194.97000000
5.3232 195.06400000
5.3290 195.59200000
5.3348 196.85600000
5.3406 195.08500000
5.3464 194.06500000
5.3522 191.81500000
5.3580 191.71700000
5.3638 192.36000000
5.5147 191.85100000
5.5205 194.05400000
5.5263 197.56200000
5.5322 198.52300000
5.5380 198.80300000
5.5438 198.74500000
5.5496 197.81800000
5.5554 196.36100000
5.5612 194.90700000
5.5670 193.42700000
5.5728 192.06100000
5.5786 190.95100000
5.5844 190.24100000
5.5902 189.54100000
5.5960 189.15500000
5.6018 188.83100000
5.6076 188.32100000
5.6134 187.51200000
5.6192 186.53200000
5.6250 185.75800000
5.6308 185.13600000
5.6366 184.50600000
5.6424 184.44800000
5.6483 184.47500000
5.6541 184.55800000
5.6599 185.59000000
5.6657 186.55000000
5.6715 187.62200000
5.6773 189.29900000
5.6831 190.48400000
5.6889 191.42200000
5.6947 192.31400000
5.7005 193.05000000
5.7063 193.85000000
5.7121 194.24500000
5.7179 194.18500000
5.7237 194.44300000
5.7295 194.37800000
5.7353 194.43700000
5.7411 194.80500000
5.7469 194.85100000
5.7527 195.03600000
5.7585 195.20400000
5.7644 195.64500000
5.7702 196.00300000
5.7760 196.13200000
5.7818 196.07000000
5.7876 196.08900000
5.7934 196.23700000
5.7992 196.62900000
5.8050 197.20500000
5.8108 197.29300000
5.8166 197.48400000
5.8224 197.77300000
5.8282 198.14400000
5.8340 198.60600000
5.8398 199.26900000
5.8456 199.89700000
5.8514 200.58400000
5.8572 201.30600000
5.8630 201.46200000
5.8688 201.13700000
5.8746 200.44900000
5.8805 199.92600000
5.8863 199.72300000
5.8921 199.69900000
5.8979 199.43000000
5.9037 198.81100000
5.9095 197.90100000
5.9153 196.85400000
5.9211 196.55600000
5.9269 196.34400000
5.9327 196.21800000
5.9385 196.35800000
5.9443 196.33400000
5.9501 196.19100000
5.9559 195.99200000
5.9617 195.57500000
5.9675 195.24600000
5.9733 195.01700000
5.9791 194.68100000
5.9849 194.33500000
5.9907 193.98800000
5.9966 193.62700000
6.0024 193.36300000
6.0082 193.28300000
6.0140 193.29200000
6.0198 193.30400000
6.0256 193.25500000
6.0314 193.27900000
6.0372 193.38800000
6.0430 193.57500000
6.0488 194.00200000
6.0546 194.19400000
6.0604 194.28000000
6.0662 194.42800000
6.0720 194.61200000
6.0778 195.03800000
6.0836 195.51000000
6.0894 195.86500000
6.0952 195.98600000
6.1010 196.11500000
6.1068 196.14300000
6.1127 196.25000000
6.1185 196.53000000
6.1243 196.55800000
6.1301 196.64700000
6.1359 196.51000000
6.1417 196.35200000
6.1475 196.25900000
6.1533 196.06500000
6.1591 195.95000000
6.1649 195.68000000
6.1707 195.44700000
6.1765 195.19500000
6.1823 194.78300000
6.1881 194.50500000
6.1939 194.32100000
6.1997 194.28900000
6.2055 194.54600000
6.2113 195.09800000
6.2171 195.42100000
6.2229 195.59600000
6.2288 195.56700000
6.2346 195.14800000
6.2404 194.90000000
6.2462 194.57100000
6.2520 194.28300000
6.2578 194.27300000
6.2636 194.32800000
6.2694 194.35000000
6.2752 194.35500000
6.2810 194.31500000
6.2868 194.35700000
6.2926 194.80100000
6.2984 195.39600000
6.3042 196.32900000
6.3100 196.97300000
6.3158 197.30600000
6.3216 197.44100000
6.3274 197.45200000
6.3332 197.63200000
6.3390 197.85500000
6.3449 198.21800000
6.3507 198.82800000
6.3565 199.55200000
6.3623 200.31100000
6.3681 201.15200000
6.3739 201.90300000
6.3797 202.25100000
6.3855 202.23800000
6.3913 202.15200000
6.3971 202.06300000
6.4029 202.19500000
6.4087 202.42300000
6.4145 202.47000000
6.4203 202.10300000
6.4261 201.67000000
6.4319 201.18900000
6.4377 200.53500000
6.4435 198.89500000
6.4493 198.38700000
6.4551 198.54500000
6.4610 199.10700000
6.4668 200.40700000
6.4726 199.89000000
6.4784 199.59300000
6.4842 198.06600000
6.4900 197.17300000
6.4958 198.31800000
6.5016 199.56500000
6.5074 198.99500000
6.5132 198.33700000
6.5190 200.85800000
6.5248 202.26200000
6.5306 203.10600000
6.5364 203.01100000
6.5422 203.76000000
6.5480 204.66400000
6.5538 205.70500000
6.5596 207.26100000
6.5654 209.00400000
6.5712 211.00900000
6.5771 213.62100000
6.5829 218.60400000
6.5887 221.97700000
6.5945 224.05700000
6.6003 225.27900000
6.6061 225.68700000
6.6119 226.71200000
6.6177 227.86800000
6.6235 228.93800000
6.6293 229.61100000
6.6351 229.00400000
6.6409 228.22200000
6.6467 227.39300000
6.6525 226.37500000
6.6583 225.64500000
6.6641 225.50100000
6.6699 226.27300000
6.6757 228.31000000
6.6815 232.49900000
6.6873 238.22700000
6.6932 245.37600000
6.6990 254.09000000
6.7048 261.30200000
6.7106 266.73200000
6.7164 272.61800000
6.7222 275.37800000
6.7280 276.40600000
6.7338 278.63000000
6.7396 277.82000000
6.7454 275.82700000
6.7512 275.00300000
6.7570 272.82100000
6.7628 270.37700000
6.7686 268.82600000
6.7744 267.32900000
6.7802 265.24300000
6.7860 264.58200000
6.7918 263.45700000
6.7976 262.56000000
6.8034 262.15800000
6.8093 261.22600000
6.8151 260.43500000
6.8209 260.20600000
6.8267 259.77700000
6.8325 259.10800000
6.8383 258.45600000
6.8441 256.20700000
6.8499 250.88300000
6.8557 250.47600000
6.8615 249.87300000
6.9602 257.53900000
6.9660 255.94300000
6.9718 260.67600000
6.9776 262.77800000
6.9834 262.84800000
6.9892 262.67600000
6.9950 262.58400000
7.0008 261.35800000
7.0066 260.13700000
7.0124 260.09700000
7.0182 259.68800000
7.0240 259.41300000
7.0298 259.00400000
7.0356 258.41000000
7.0415 257.24600000
7.0473 256.40000000
7.0531 255.14400000
7.0589 254.49900000
7.0647 254.03600000
7.0705 253.79500000
7.0763 253.78900000
7.0821 253.88700000
7.0879 254.23400000
7.0937 254.81300000
7.0995 255.55800000
7.1053 256.12900000
7.1111 257.05000000
7.1169 257.49200000
7.1227 258.08300000
7.1285 258.37100000
7.1343 258.36300000
7.1401 258.37200000
7.1459 258.39800000
7.1517 258.26700000
7.1576 258.23500000
7.1634 258.16200000
7.1692 257.86400000
7.1750 257.75800000
7.1808 257.18200000
7.1866 257.13600000
7.1924 256.80100000
7.1982 256.53400000
7.2040 256.34400000
7.2098 255.67600000
7.2156 255.50200000
7.2214 254.99500000
7.2272 254.34600000
7.2330 253.84600000
7.2388 252.95900000
7.2446 252.54500000
7.2504 252.47900000
7.2562 252.69700000
7.2620 252.97700000
7.2678 253.30400000
7.2737 253.70800000
7.2795 254.17700000
7.2853 254.61800000
7.2911 255.22300000
7.2969 255.75300000
7.3027 256.45500000
7.3085 256.82700000
7.3143 257.86600000
7.3201 258.47600000
7.3259 259.89200000
7.3317 260.59400000
7.3375 261.92800000
7.3433 262.81400000
7.3491 264.07400000
7.3549 265.30100000
7.3607 266.34500000
7.3665 267.39900000
7.3723 267.75800000
7.3781 267.93500000
7.3839 268.15200000
7.3898 267.43700000
7.4536 300.14100000
7.4594 302.95400000
7.4652 304.50100000
7.4710 306.75600000
7.4768 308.68800000
7.4826 309.83900000
7.4884 311.27400000
7.4942 311.33100000
7.5000 311.28200000
7.5059 311.09100000
7.5117 310.01700000
7.5175 308.11500000
7.5233 306.37800000
7.5291 304.35400000
7.5349 302.04900000
7.5407 300.48000000
7.5465 297.25400000
7.5523 296.02700000
7.5581 295.99100000
7.5639 295.25100000
7.5697 296.21500000
7.5755 297.44700000
7.5813 296.53500000
7.5871 296.04300000
7.5929 295.24200000
7.5987 293.76800000
7.6045 293.09200000
7.6103 291.40000000
7.6974 180.71900000
7.7032 181.97400000
7.7090 182.76500000
7.7148 183.57900000
7.7206 185.45300000
7.7264 186.80600000
7.7322 188.27300000
7.7380 190.07700000
7.7439 192.32600000
7.7497 194.32700000
7.7555 194.91300000
7.7613 196.33600000
7.7671 197.27600000
7.7729 197.21200000
7.7787 197.44500000
7.7845 197.06800000
7.7903 196.80500000
7.7961 196.05700000
7.8019 195.58200000
7.8077 194.64900000
7.8135 194.01000000
7.8193 193.89800000
7.8251 194.13300000
7.8309 194.44100000
7.8367 194.74800000
7.8425 195.37100000
7.8483 195.24000000
7.8541 196.34700000
7.8600 197.36200000
7.8658 198.25900000
7.8716 199.39000000
7.8774 200.69800000
7.8832 201.73100000
7.8890 202.34800000
7.8948 202.48900000
7.9006 201.85800000
7.9064 200.54500000
7.9122 198.53600000
7.9180 196.33400000
7.9238 195.25400000
7.9296 194.85000000
7.9354 195.03500000
7.9412 195.76400000
7.9470 196.57900000
7.9528 198.27100000
7.9586 199.34300000
7.9644 200.08400000
7.9702 200.47200000
7.9761 200.57900000
7.9819 200.16500000
7.9877 199.14100000
7.9935 198.03100000
7.9993 197.16900000
8.0863 194.60500000
8.0922 194.28700000
8.0980 194.25400000
8.1038 195.77900000
8.1096 196.61600000
8.1154 196.78600000
8.1212 197.60100000
8.1270 197.42500000
8.1328 196.31100000
8.1386 196.91000000
8.1444 196.99100000
8.1502 196.64000000
8.1560 197.88200000
8.1618 197.33800000
8.1676 197.38800000
8.1734 198.24700000
8.1792 198.12800000
8.2315 203.45500000
8.2373 204.23900000
8.2431 204.45800000
8.2489 204.56700000
8.2547 204.36700000
8.2605 203.95300000
8.2663 203.41900000
8.2721 202.77200000
8.2779 202.05600000
8.2837 200.99100000
8.2895 199.96300000
8.2953 199.07900000
8.3011 198.15400000
8.3069 197.91900000
8.3127 197.81200000
8.3185 198.14600000
8.3244 198.69700000
8.3302 199.03400000
8.3360 198.95200000
8.3418 198.51000000
8.3476 198.12800000
8.3534 197.55300000
8.3592 197.11500000
8.3650 196.70500000
8.3708 196.69700000
8.3766 196.57000000
8.3824 196.31700000
8.3882 196.52300000
8.3940 196.50500000
8.3998 196.91400000
8.4056 197.64000000
8.4114 197.89600000
8.4172 198.89500000
8.4230 199.92700000
8.4288 200.90500000
8.4346 201.96700000
8.4405 202.45800000
8.4463 202.56400000
8.4521 201.91400000
8.5682 200.59600000
8.5740 202.06200000
8.5798 202.33100000
8.5856 202.29900000
8.5914 202.87900000
8.5972 202.58000000
8.6030 202.28400000
8.6088 202.23700000
8.6146 202.54600000
8.6204 204.23800000
8.6262 205.12300000
8.8004 214.39700000
8.8062 215.57900000
8.8120 218.63900000
8.8178 220.21900000
8.8236 220.38700000
8.8294 220.39900000
8.8352 220.37800000
8.8410 218.97900000
8.8468 217.43900000
8.8526 216.16200000
8.8584 215.36800000
8.8642 215.10400000
8.8700 215.45500000
8.8758 216.71500000
8.8816 218.57500000
8.8874 224.26000000
8.8932 227.52800000
8.8990 230.14000000
8.9049 233.06800000
8.9107 235.32800000
8.9165 237.30100000
8.9223 238.39600000
8.9281 240.40900000
8.9339 242.36400000
8.9397 244.69700000
8.9455 247.79400000
8.9513 248.82100000
8.9571 249.94100000
8.9629 249.88400000
8.9687 250.17500000
8.9745 250.18600000
8.9803 249.75600000
8.9861 250.53800000
8.9919 249.64300000
8.9977 248.88000000
9.0035 247.62800000
9.0093 246.31000000
9.0151 244.81600000
9.0210 243.48700000
9.0268 242.47400000
9.0326 241.76200000
9.0384 242.93300000
9.1429 251.65900000
9.1487 252.35900000
9.1545 252.97900000
9.1603 253.23700000
9.1661 253.39300000
9.1719 253.11300000
9.1777 252.41300000
9.1835 251.90000000
9.1893 250.88500000
9.1951 250.02500000
9.2009 249.55800000
9.2067 249.37300000
9.2125 249.11900000
9.2183 248.89100000
9.2241 248.17900000
9.2299 247.18100000
9.2357 246.18800000
9.2415 245.07500000
9.2473 244.38200000
9.2532 243.89900000
9.2590 243.78500000
9.2648 243.79500000
9.2706 244.06500000
9.2764 244.46100000
9.2822 244.89400000
9.2880 245.37100000
9.2938 246.02500000
9.2996 246.53300000
9.3054 247.21200000
9.3112 247.79800000
9.3170 248.13500000
9.3228 248.43600000
9.3286 248.58500000
9.3344 248.45600000
9.3402 247.79200000
9.3460 247.03700000
9.3518 245.70100000
9.3576 243.64600000
9.3634 241.96100000
9.3693 240.70500000
9.6363   0.00000000
9.6421   0.00000000
9.6479   0.00000000
9.6537 213.61500000
9.6595 213.72000000
9.6653 214.76400000
9.6711 215.16000000
9.6769 215.63700000
9.8859 208.80000000
9.8917 208.75300000
9.8975 209.56000000
9.9033 212.71900000
9.9091 215.27300000
9.9149 216.52200000
9.9207 216.93400000
9.9265 216.88800000
9.9323 216.57200000
9.9381 216.31800000
9.9439 215.94100000
9.9498 215.92400000
9.9556 216.31700000
9.9614 216.00000000
9.9672 216.52800000
9.9730 217.06600000
9.9788 217.50400000
9.9846 218.55500000
9.9904 220.39600000
9.9962 223.65400000
10.0020 226.41100000
10.0078 229.65000000
10.0136 232.81000000
10.0194 235.52400000
10.0252 238.92400000
10.0310 242.37900000
10.0368 245.56900000
10.0426 247.33500000
10.0484 249.01000000
10.0542 249.45800000
10.0600 249.87300000
10.0659 249.79700000
10.0717 249.60800000
10.0775 248.86100000
10.1587 237.82100000
10.1645 236.21600000
10.1703 235.15400000
10.1761 234.96300000
10.1820 234.50800000
10.1878 233.84600000
10.1936 233.04600000
10.1994 231.40500000
10.2052 230.27000000
10.2110 228.98600000
10.2168 226.98800000
10.2226 225.53400000
10.2284 223.66600000
10.2342 222.58300000
10.2400 222.20400000
10.2458 222.47800000
10.2516 222.20500000
10.2574 221.97000000
10.2632 221.67800000
10.2690 220.83600000
10.2748 220.83100000
10.2806 220.50400000
10.2864 220.81800000
10.2922 221.05300000
10.2980 221.16500000
10.3039 221.20000000
10.3097 221.27400000
10.3155 221.42400000
10.3213 221.52800000
10.3271 221.83700000
10.3329 221.80100000
10.3387 222.03000000
10.3445 222.19100000
10.3503 222.30900000
10.3561 222.36500000
10.3619 222.44800000
10.3677 222.47700000
10.3735 222.55300000
10.3793 222.40900000
10.3851 222.04100000
10.3909 221.80300000
10.3967 221.24500000
10.4025 220.66000000
10.4083 220.15900000
10.4141 219.41200000
10.4200 218.09400000
10.4258 216.49200000
10.4316 216.44700000
10.4374 216.63300000
10.4432 215.51900000
10.4490 216.00300000
10.4548 218.12600000
10.7683 129.19900000
10.7741 129.19900000
10.7799 129.19900000
10.7857 129.19900000
10.7915 129.19900000
10.7973 129.19900000
10.8031 129.19900000
10.8089 129.19900000
10.8147 129.19900000
10.8205 129.19900000
10.8263 129.19900000
10.9540 199.38800000
10.9598 199.47800000
10.9656 199.62100000
10.9714 200.57900000
10.9772 200.36700000
10.9830 200.40000000
10.9888 198.90200000
10.9946 197.16200000
11.0005 195.18700000
11.0063 193.14300000
11.0121 191.03500000
11.0179 190.27700000
11.0237 191.09800000
11.0295 192.50400000
11.0353 195.30600000
11.0411 198.73900000
11.0469 201.30000000
11.0527 204.18300000
11.0585 207.26000000
11.0643 212.23100000
11.0701 216.45100000
11.0759 218.94700000
11.0817 222.45500000
11.0875 225.30900000
11.0933 226.08700000
11.0991 227.12200000
11.1049 227.20700000
11.1107 227.22600000
11.1166 226.78200000
11.1224 226.41100000
11.1282 225.90300000
11.1340 225.39700000
11.1398 224.99500000
11.1456 224.23400000
11.1514 223.81400000
11.1572 223.23300000
11.1630 222.91800000
11.1688 222.78300000
11.1746 222.66400000
11.1804 222.64500000
11.1862 222.20600000
11.1920 222.06800000
11.1978 221.62200000
11.2036 221.81800000
11.2094 222.27600000
11.2152 222.83800000
11.2210 223.66000000
11.2268 224.15600000
11.2327 224.18300000
11.2385 224.23500000
11.2443 224.09900000
11.2501 223.73100000
11.2559 223.61800000
11.2617 223.13000000
11.2675 222.82900000
11.2733 222.33300000
11.2791 221.24800000
11.2849 220.32100000
11.2907 220.02200000
11.2965 219.62500000
11.3023 219.44700000
11.3081 219.33400000
11.3139 218.74000000
11.3197 218.37200000
11.3255 217.70100000
11.3313 218.23700000
11.3371 218.58000000
11.3429 219.50300000
11.3488 220.98900000
11.3546 220.53100000
11.4939 249.78600000
11.4997 247.91800000
11.5055 243.98500000
11.5113 243.29400000
11.5171 243.57400000
11.5229 243.95400000
11.5287 244.47300000
11.5345 245.09400000
11.5403 245.68500000
11.5461 246.27800000
11.5519 246.85200000
11.5577 247.40200000
11.5635 247.52800000
11.5693 247.71100000
11.5751 247.59500000
11.5810 247.14000000
11.5868 246.96700000
11.5926 246.47700000
11.5984 245.87100000
11.6042 245.89600000
11.6100 245.71200000
11.6158 245.61500000
11.6216 245.65400000
11.6274 245.21300000
11.6332 244.71600000
11.6390 243.84800000
11.6448 242.82700000
11.6506 239.98800000
11.6564 235.64500000
11.6622 232.82200000
11.6680 235.50900000
11.6738 237.48500000
11.8538 208.15100000
11.8596 213.67100000
11.8654 216.65500000
11.8712 219.25500000
11.8770 220.73600000
11.8828 221.95000000
11.8886 222.46300000
11.8944 223.30400000
11.9002 224.96100000
11.9060 227.47000000
11.9118 229.62200000
11.9176 232.42500000
11.9234 235.88100000
11.9293 237.51100000
11.9351 239.47700000
11.9409 240.85000000
11.9467 241.56000000
11.9525 242.18300000
11.9583 241.99400000
11.9641 241.84600000
11.9699 241.18700000
11.9757 240.58900000
11.9815 240.92000000
11.9873 240.54300000
11.9931 241.00900000
11.9989 241.80200000
12.0047 241.15200000
12.0105 241.04400000
12.0163 240.43900000
12.0221 239.46200000
12.0279 238.44700000
12.0337 237.59500000
12.0395 236.58600000
12.0454 235.69400000
12.0512 234.42400000
12.0570 232.83400000
12.0628 231.69900000
12.0686 230.74000000
12.0744 229.57000000
12.0802 228.69600000
12.0860 227.48700000
12.0918 225.89600000
12.0976 225.81300000
12.1034 225.15100000
12.1092 224.85300000
12.1150 225.16900000
12.1208 225.04200000
12.1266 224.98900000
12.1324 224.88300000
12.1382 224.77300000
12.1440 224.99500000
12.1498 225.16800000
12.1556 225.50600000
12.1615 225.50000000
12.1673 225.01600000
12.1731 225.09400000
12.1789 224.55800000
12.1847 223.67200000
12.1905 223.96900000
12.1963 223.19900000
12.2021 223.03600000
12.2079 223.36700000
12.2137 222.99200000
12.2195 223.32600000
12.2253 223.49200000
12.2311 223.46800000
12.2369 223.66700000
12.2427 224.19100000
12.2485 224.25700000
12.2543 224.39700000
12.2601 224.35500000
12.2659 224.29900000
12.2717 224.18900000
12.2776 224.21700000
12.2834 224.25600000
12.2892 223.86800000
12.2950 224.00000000
12.3008 223.70200000
12.3066 223.59500000
12.3124 223.80200000
12.3182 223.53600000
12.3240 223.19800000
12.3298 222.60400000
12.3356 221.83900000
12.3414 221.27900000
12.3472 221.20900000
12.3530 220.83300000
12.3588 221.04400000
12.3646 220.98700000
12.3704 221.41500000
12.3762 222.32100000
12.3820 223.22500000
12.3878 224.31700000
12.3937 225.38500000
12.3995 226.83900000
12.4053 228.08900000
12.4111 229.87200000
12.4169 230.88100000
12.4227 231.54300000
12.4285 232.19300000
12.4343 232.35700000
12.4401 233.00600000
12.4459 232.33000000
12.4517 230.34400000
12.4575 228.32800000
12.4633 226.07700000
12.4691 224.23400000
12.4749 224.41100000
12.4807 223.13700000
12.4865 221.16700000
12.5504 178.65800000
12.5562 179.93400000
12.5620 181.17800000
12.5678 184.51000000
12.5736 187.47800000
12.5794 190.92900000
12.5852 193.40700000
12.5910 194.21100000
12.5968 195.91700000
12.6026 197.40400000
12.6084 198.89400000
12.6142 199.76100000
12.6200 200.18300000
12.6259 200.77500000
12.6317 200.68000000
12.6375 200.52900000
12.6433 200.17400000
12.6491 199.29600000
12.6549 198.43300000
12.6607 197.44500000
12.6665 196.21600000
12.6723 193.56100000
12.6781 191.68700000
12.6839 191.20300000
12.6897 195.13100000
12.6955 198.26100000
12.7013 199.59600000
12.7071 200.25300000
12.7129 200.53300000
12.7187 200.65800000
12.7245 200.50100000
12.7303 199.43000000
12.7361 199.28800000
12.7420 199.12200000
12.7478 198.75200000
12.7536 197.83300000
12.8755 214.04600000
12.8813 215.61000000
12.8871 222.64600000
12.8929 224.15600000
12.8987 224.86800000
12.9045 226.03400000
12.9103 226.50800000
12.9161 226.75200000
12.9219 227.09400000
12.9277 227.13900000
12.9335 227.56500000
12.9393 228.13200000
12.9451 228.45600000
12.9509 228.67800000
12.9567 227.88400000
12.9625 226.94200000
12.9683 226.02700000
12.9741 225.21600000
12.9800 224.35200000
12.9858 223.32500000
12.9916 222.85200000
12.9974 222.33800000
13.0032 222.23100000
13.0090 222.60000000
13.0148 222.88600000
13.0206 223.31900000
13.0264 223.64300000
13.0322 223.98100000
13.0380 224.73100000
13.0438 225.25900000
13.0496 225.62400000
13.0554 225.89100000
13.0612 225.93400000
13.0670 225.89900000
13.0728 225.80100000
13.0786 225.53300000
13.0844 225.45600000
13.0902 225.29900000
13.0961 225.05900000
13.1019 224.92200000
13.1077 224.65100000
13.1135 224.47100000
13.1193 224.41500000
13.1251 224.34300000
13.1309 224.61600000
13.1367 224.87400000
13.1425 225.08600000
13.1483 225.69500000
13.1541 226.18600000
13.1599 226.67700000
13.1657 227.09800000
13.1715 227.61000000
13.1773 228.13600000
13.1831 228.54300000
13.1889 229.10200000
13.1947 229.33200000
13.2005 229.28500000
13.2063 228.96600000
13.2122 228.59400000
13.2180 228.01600000
13.2238 227.04500000
13.2296 226.57100000
13.2354 225.68700000
13.2412 224.61500000
13.2470 223.17500000
13.2528 221.91600000
13.2586 221.16300000
13.2644 219.80100000
13.2702 219.44600000
13.2760 218.92900000
13.2818 218.44600000
13.2876 218.40900000
13.2934 218.49700000
13.2992 218.82200000
13.3050 219.26100000
13.3108 219.91900000
13.3166 220.51000000
13.3224 220.95200000
13.3283 221.87100000
13.3341 222.26900000
13.3399 222.78400000
13.3457 223.34800000
13.3515 224.11400000
13.3573 224.79800000
13.3631 225.62600000
13.3689 226.45000000
13.3747 227.02700000
13.3805 227.47200000
13.3863 227.74800000
13.3921 227.88300000
13.3979 227.61700000
13.4037 227.27300000
13.4095 226.85200000
13.4153 226.36200000
13.4211 225.66400000
13.4269 225.00600000
13.4327 224.28700000
13.4385 223.78300000
13.4444 223.32300000
13.4502 222.99500000
13.4560 223.15000000
13.4618 223.73900000
13.4676 224.16200000
13.4734 224.92600000
13.4792 225.36900000
13.4850 225.90400000
13.4908 226.25200000
13.4966 226.32100000
13.5024 226.58100000
13.5082 226.42700000
13.5140 226.32800000
13.5198 226.40900000
13.5256 226.32700000
13.5314 226.48600000
13.5372 226.72700000
13.5430 226.87000000
13.5488 227.43500000
13.5546 227.56400000
13.5605 227.71300000
13.5663 227.69100000
13.5721 226.98900000
13.5779 226.62500000
13.5837 225.61100000
13.5895 224.44200000
13.5953 223.76600000
13.6011 222.52600000
13.6069 221.77500000
13.6127 221.12700000
13.6185 220.53100000
13.6243 220.40000000
13.6301 220.69800000
13.6359 221.63400000
13.6417 222.07300000
13.6475 222.64100000
13.6533 223.23800000
13.6591 223.33400000
13.6649 223.85600000
13.6707 224.14300000
13.6766 225.00200000
13.6824 226.49300000
13.6882 227.33500000
18.4308  99.52560000
18.4366 100.22400000
18.4424 101.51100000
18.4483 102.48100000
18.4541 102.96100000
18.4599 103.26800000
18.4657 103.68500000
18.4715 103.90400000
18.4773 103.65100000
18.4831 103.22200000
18.4889 102.76200000
18.4947 102.10300000
18.5005 101.89200000
18.5063 101.74000000
18.5121 101.63500000
18.5179 101.70500000
18.5237 101.67200000
18.5295 101.36400000
18.5353 101.15400000
18.5411 100.83300000
18.5469 100.59500000
18.5527 100.62400000
18.5585 100.41100000
18.5644 100.14300000
18.5702  99.39520000
18.6224 126.64200000
18.6282 127.12900000
18.6340 128.19700000
18.6398 129.46800000
18.6456 130.84000000
18.6514 132.04500000
18.6572 132.88900000
18.6630 133.40700000
18.6688 134.78900000
18.6746 136.59500000
18.6805 139.09700000
18.6863 141.26500000
18.6921 144.22700000
18.6979 146.45500000
18.7037 148.57200000
18.7095 150.95200000
18.7153 153.04000000
18.7211 155.27600000
18.7269 158.10300000
18.7327 160.21400000
18.7385 162.20100000
18.7443 164.21000000
18.7501 165.56500000
18.7559 166.70400000
18.7617 167.19000000
18.7675 166.80000000
18.7733 167.46300000
18.7791 167.01800000
18.7849 166.83200000
18.7907 167.80300000
18.7966 167.84900000
18.8024 168.38100000
18.8082 169.51500000
18.8140 170.74500000
18.8198 172.18100000
18.8256 174.49700000
18.8314 177.99400000
18.8372 180.51800000
18.8430 182.70700000
18.8488 185.82800000
18.8546 188.01100000
18.8604 191.54000000
18.8662 190.37500000
18.8720 189.33800000
18.9068 172.81300000
18.9127 172.35100000
18.9185 172.60200000
18.9243 172.27500000
18.9301 175.02800000
18.9359 178.62900000
18.9417 183.82800000
18.9475 186.14500000
18.9533 187.10600000
18.9591 190.24300000
18.9649 193.96400000
18.9707 195.05100000
18.9765 195.78700000
18.9823 196.63000000
18.9881 198.00400000
18.9939 198.95400000
18.9997 199.32300000
19.0055 199.48600000
19.0113 198.42000000
19.1274 169.06700000
19.1332 168.70100000
19.1390 172.17200000
19.1449 174.91600000
19.1507 178.91600000
19.1565 183.56000000
19.1623 184.50500000
19.1681 185.57400000
19.1739 189.25900000
19.1797 192.81500000
19.1855 193.99700000
19.1913 194.97900000
19.1971 196.84500000
19.2029 197.96200000
19.2087 198.58100000
19.2145 198.90900000
19.2203 199.04000000
19.2261 198.55500000
19.2319 197.53100000
19.2377 195.91700000
19.2435 194.28700000
19.2493 192.34000000
19.2551 190.24000000
19.2610 188.78100000
19.2668 188.12000000
19.2726 188.17700000
19.2784 188.72400000
19.2842 189.33500000
19.2900 190.21600000
19.2958 191.48900000
19.3016 192.97000000
19.3074 195.04500000
19.3132 196.57100000
19.3190 198.81800000
19.3248 201.30700000
19.3306 203.83600000
19.3364 205.20100000
19.3422 205.52500000
19.3480 205.21500000
19.3538 204.15300000
19.3596 199.36000000
19.3654 196.05500000
19.3712 198.83000000
19.3771 199.87200000
19.3829 199.82300000
19.3887 199.29800000
19.3945 197.59400000
19.4003 195.83900000
19.4061 194.21300000
19.4119 191.95500000
19.4177 191.26000000
19.4235 191.41200000
19.4293 191.85400000
19.4351 192.87500000
19.4409 193.81100000
19.4467 194.58400000
19.4525 195.78800000
19.4583 198.24800000
19.4641 200.08900000
19.4699 202.23100000
19.4757 203.54100000
19.4815 204.70200000
19.4873 206.17900000
19.4932 207.51700000
19.4990 208.93700000
19.5048 210.17100000
19.5106 211.31200000
19.5164 211.97900000
19.5222 212.54900000
19.5280 212.86200000
19.5338 213.37500000
19.5396 213.27800000
19.5454 212.95000000
19.5512 212.13800000
19.5570 210.22800000
19.5628 207.19700000
19.5686 204.26700000
19.5744 200.50100000
19.5802 196.48800000
19.5860 190.80300000
19.5918 186.06900000
19.5976 181.13300000
19.6034 174.94900000
19.6093 169.54600000
19.6151 164.71200000
19.6209 156.45300000
19.6267 152.66300000
19.6325 152.82200000
19.6383 146.43000000
19.6441 147.24500000
19.6499 147.54000000
19.6557 147.38800000
19.6615 152.35600000
19.6673 155.37200000
19.6731 163.15600000
19.6789 171.17800000
19.6847 178.94100000
19.6905 184.49400000
19.6963 189.56800000
19.7021 194.17700000
19.7079 197.60800000
19.7137 200.32400000
19.7195 202.92500000
19.7254 206.07300000
19.7312 208.59400000
19.7370 210.54200000
19.7428 212.40800000
19.7486 215.65500000
19.7544 218.19500000
19.7602 220.45200000
19.7660 222.62000000
19.7718 225.57400000
19.7776 227.75900000
19.7834 229.72900000
19.7892 231.52200000
19.7950 233.39100000
19.8008 235.32600000
19.8066 236.40600000
19.8124 238.27800000
19.8182 240.31600000
19.8240 242.65500000
19.8298 245.35000000
19.8356 246.88200000
19.8415 248.21600000
19.8473 248.97000000
19.8531 249.22500000
19.8589 248.95200000
19.8647 248.70200000
19.8705 248.24900000
19.8763 248.22000000
19.8821 248.21900000
19.8879 248.69000000
19.8937 249.29400000
19.8995 249.73900000
19.9053 250.63900000
19.9111 250.50000000
19.9169 249.59900000
19.9227 249.33300000
19.9285 249.26500000
19.9343 248.64400000
19.9401 246.75500000
19.9459 245.53000000
19.9517 245.28200000
19.9576 245.49700000
19.9634 248.96200000
19.9692 247.77800000
19.9750 248.95000000
19.9808 247.81900000
19.9866 246.55300000
19.9924 246.75300000
20.1027 209.65000000
20.1085 215.20200000
20.1143 217.43300000
20.1201 220.31400000
20.1259 225.23700000
20.1317 228.16000000
20.1375 230.28900000
20.1433 231.49500000
20.1491 232.49900000
20.1549 232.70400000
20.1607 232.66900000
20.1665 231.99900000
20.1723 230.82500000
20.1781 230.06900000
20.1839 228.92000000
20.1898 228.03900000
20.1956 227.34900000
20.2014 226.72700000
20.2072 226.56300000
20.2130 226.41300000
20.2188 226.76000000
20.2246 227.90500000
20.2304 229.96800000
20.2362 232.79800000
20.2420 235.17700000
20.2478 237.69200000
20.2536 241.25200000
20.2594 245.94900000
20.2652 250.43600000
20.2710 252.61300000
20.2768 254.52200000
20.2826 256.01800000
20.2884 257.68600000
20.2942 259.19300000
20.3000 260.24000000
20.3059 260.35600000
20.3117 259.90100000
20.3175 259.33600000
20.3233 258.12400000
20.3291 257.19200000
20.3349 255.63000000
20.3407 254.86200000
20.3465 254.17200000
20.3523 253.48900000
20.3581 253.42100000
20.3639 253.26800000
20.3697 253.43600000
20.3755 253.83200000
20.3813 253.81900000
20.3871 254.11000000
20.3929 254.10400000
20.3987 253.94700000
20.4045 253.87000000
20.4103 253.76700000
20.4161 253.69600000
20.4220 253.39800000
20.4278 253.20100000
20.4336 252.66000000
20.4394 252.22200000
20.4452 251.81500000
20.4510 251.43100000
20.4568 251.01500000
20.4626 250.60000000
20.4684 250.03000000
20.4742 249.23600000
20.4800 248.18900000
20.4858 246.92600000
20.4916 245.63700000
20.4974 243.87600000
20.5032 241.74000000
20.5090 239.12800000
20.5148 235.42300000
20.5671 224.99700000
20.5729 230.08400000
20.5787 235.64800000
20.5845 238.74600000
20.5903 242.00800000
20.5961 245.47000000
20.6019 247.63700000
20.6077 248.44500000
20.6135 249.18300000
20.6193 249.13900000
20.6251 248.91600000
20.6309 248.62600000
20.6367 248.22200000
20.6425 247.60900000
20.6483 246.89600000
20.6541 245.86500000
20.6600 244.73200000
20.6658 243.69600000
20.6716 242.78100000
20.6774 241.98700000
20.6832 241.49300000
20.6890 240.98600000
20.6948 240.55800000
20.7006 240.71300000
20.7064 240.88100000
20.7122 241.21200000
20.7180 241.33100000
20.7238 241.19300000
20.7296 241.02000000
20.7354 240.58000000
20.7412 240.01300000
20.7470 239.53500000
20.7528 238.14100000
20.7586 235.31100000
20.7644 231.87100000
20.7702 227.85800000
20.7761 224.73400000
20.7819 218.19900000
20.7877 210.75300000
20.7935 205.15400000
20.7993 205.38500000
20.8051 205.67500000
20.8109 207.40200000
20.8167 210.00000000
20.8225 212.48600000
20.8283 214.73100000
20.8341 217.00100000
20.8399 219.84000000
20.8457 224.42700000
20.8515 228.79000000
20.8573 233.40600000
20.8631 236.03900000
20.8689 239.04800000
20.8747 241.86200000
20.8805 244.83600000
20.8863 246.72100000
20.8922 248.36100000
20.8980 248.99800000
20.9038 249.08500000
20.9096 248.23400000
20.9154 247.33400000
20.9212 245.76700000
20.9270 244.64000000
20.9328 243.26400000
20.9386 241.90100000
20.9444 240.87400000
20.9502 239.89600000
20.9560 239.27500000
20.9618 238.58900000
20.9676 237.83900000
20.9734 237.04900000
20.9792 236.40100000
20.9850 235.67100000
20.9908 235.11200000
20.9966 234.34800000
21.0024 233.54200000
21.0083 232.72600000
21.0141 231.65100000
21.0199 230.44700000
21.0257 229.49000000
21.0315 228.62500000
21.0373 227.44600000
21.0431 226.46400000
21.0489 225.77000000
21.0547 224.83100000
21.0605 223.55600000
21.0663 222.10400000
21.0721 220.01800000
21.0779 218.07300000
21.0837 216.08700000
21.0895 214.53500000
21.0953 212.74100000
21.1011 211.02200000
21.1069 206.38000000
21.1127 202.64300000
21.1534 188.87400000
21.1592 189.96400000
21.1650 193.91900000
21.1708 196.33900000
21.1766 198.41100000
21.1824 200.01900000
21.1882 201.68900000
21.1940 202.75800000
21.1998 203.46300000
21.2056 204.19300000
21.2114 204.87300000
21.2172 205.20000000
21.2230 205.17000000
21.2288 205.01600000
21.2346 204.72600000
21.2405 204.55600000
21.2463 204.46700000
21.2521 203.97800000
21.2579 203.47200000
21.2637 202.76900000
21.2695 202.00100000
21.2753 201.15400000
21.2811 200.30200000
21.2869 199.50000000
21.2927 198.95100000
21.2985 198.69500000
21.3043 198.56600000
21.3101 198.72300000
21.3159 199.14900000
21.3217 199.36900000
21.3275 199.79600000
21.3333 200.27500000
21.3391 200.52400000
21.3449 200.82900000
21.3507 200.93400000
21.3566 200.92300000
21.3624 200.79700000
21.3682 200.60700000
21.3740 200.42900000
21.3798 200.26000000
21.3856 200.17700000
21.3914 200.34800000
21.3972 200.59400000
21.4030 200.45800000
21.4088 200.00500000
21.4146 199.42300000
21.4204 198.31900000
21.4262 197.23800000
21.4320 196.27500000
21.4378 195.57700000
21.4436 195.00300000
21.4494 194.28300000
21.4552 193.68300000
21.4610 192.82600000
21.4668 192.63300000
21.4727 192.48400000
21.4785 192.85300000
21.4843 193.56500000
21.4901 194.13400000
21.4959 195.10800000
21.5017 195.89100000
21.5075 196.78900000
21.5133 198.00600000
21.5191 198.92800000
21.5249 200.22300000
21.5307 201.30700000
21.5365 202.84600000
21.5423 205.23500000
21.5481 207.32600000
21.5539 208.64300000
21.5597 209.16000000
21.5655 209.26300000
21.5713 208.87100000
21.5771 208.14800000
21.5829 206.14100000
21.5888 203.23600000
21.5946 199.96700000
21.6004 196.42400000
21.6062 192.51700000
21.6120 187.71500000
21.6178 182.05600000
21.6236 176.07100000
21.6294 169.10600000
21.6352 165.83700000
21.6410 163.70500000
21.6468 163.95600000
21.6526 165.97700000
21.6584 167.36000000
21.6642 170.29100000
21.6700 172.50600000
21.6758 175.53300000
21.6816 177.00300000
21.6874 178.28900000
21.6932 180.14500000
21.6990 181.60900000
21.7049 184.75500000
21.7107 189.84400000
21.7165 194.98300000
21.7223 199.97000000
21.7281 204.63400000
21.7339 207.32600000
21.7397 208.62700000
21.7455 209.58300000
21.7513 208.53300000
21.7571 204.67300000
21.7629 199.34100000
21.7687 194.40100000
21.7745 189.03300000
21.7803 186.37800000
21.7861 183.06700000
22.1518 171.12400000
22.1576 170.56300000
22.1634 172.24600000
22.1693 173.35900000
22.1751 172.63600000
22.1809 171.58000000
22.4131 149.10800000
22.4189 149.97400000
22.4247 151.65000000
22.4305 152.12200000
22.4363 153.20200000
22.4421 154.05000000
22.4479 155.82900000
22.4537 157.97400000
22.4595 160.14800000
22.4653 161.95700000
22.4711 163.46100000
22.4769 164.84100000
22.4827 166.06900000
22.4885 167.11300000
22.4943 168.20300000
22.5001 169.71400000
22.5059 171.57000000
22.5117 174.05900000
22.5176 176.47900000
22.5234 179.26000000
22.5292 181.75300000
22.5350 184.16600000
22.5408 187.08000000
22.5466 188.97900000
22.5524 189.83600000
22.5582 191.49000000
22.5640 192.19900000
22.5698 192.87400000
22.5756 194.06400000
22.5814 194.17100000
22.5872 194.64800000
22.5930 194.92900000
22.5988 195.47900000
22.6046 195.93800000
22.6104 196.29800000
22.6162 197.03300000
22.6220 197.04500000
22.6278 196.78300000
22.6337 196.42100000
22.6395 195.84700000
22.6453 195.34300000
22.6511 195.21800000
22.6569 195.30600000
22.6627 195.42800000
22.6685 195.64800000
22.6743 196.05000000
22.6801 196.78200000
22.6859 197.68700000
22.6917 198.31100000
22.6975 198.07200000
22.7033 197.61000000
22.7091 196.29700000
22.7149 194.74200000
22.7207 193.09500000
22.7265 191.14400000
22.7323 189.11100000
22.7381 187.63800000
22.7439 185.34100000
22.7498 184.53100000
22.7556 184.28400000
22.7614 185.54100000
22.7672 187.92500000
22.7730 189.98000000
22.9878 204.72500000
22.9936 205.92300000
22.9994 205.92200000
23.0052 205.69300000
23.0110 205.09200000
23.0168 203.56700000
23.0226 202.00800000
23.0284 200.90300000
23.0342 199.92600000
23.0400 199.02700000
23.0458 198.32600000
23.0516 197.92400000
23.0574 197.94000000
23.0632 198.08200000
23.0690 198.43400000
23.0748 198.72800000
23.0806 198.82900000
23.0864 198.67500000
23.0922 198.36100000
23.0980 198.02700000
23.1039 197.94800000
23.1097 198.10500000
23.1155 198.24500000
23.1213 198.47600000
23.1271 198.65000000
23.1329 198.51500000
23.1387 198.40600000
23.1445 198.02400000
23.1503 197.51700000
23.1561 197.03200000
23.1619 196.92100000
23.1677 197.50500000
23.1735 198.26300000
23.1793 198.68800000
23.1851 198.94400000
23.1909 199.05200000
23.1967 199.19300000
23.2025 199.54800000
23.2083 200.09600000
23.2141 200.81000000
23.2200 201.40600000
23.2258 202.01300000
23.2316 202.63500000
23.2374 202.92300000
23.2490 202.55200000
23.2548 201.79400000
23.2606 201.15300000
23.2664 200.27400000
23.2722 199.16700000
23.2780 197.76100000
23.2838 196.21700000
23.2896 194.25400000
23.2954 191.93500000
23.3012 189.60900000
23.3070 188.36300000
23.3128 187.82800000
23.3186 190.58100000
23.3244 191.86800000
23.3302 192.63400000
23.3361 193.54300000
23.3419 193.69800000
23.3477 194.03300000
23.3535 194.14400000
23.3593 193.84700000
23.3651 193.89800000
23.3709 194.07800000
23.3767 194.26200000
23.3825 194.41200000
23.3883 194.34800000
23.3941 194.03900000
23.3999 193.68800000
23.4057 193.36600000
23.4115 192.80200000
23.4173 192.38400000
23.4231 191.88500000
23.4289 191.28500000
23.4347 190.85200000
23.4405 190.56700000
23.4463 190.54000000
23.4522 191.18700000
23.4580 191.67600000
23.4638 192.63500000
23.4696 193.46500000
23.4754 194.33400000
23.4812 194.96600000
23.4870 195.60500000
23.4928 196.73400000
23.4986 197.80700000
23.5044 198.96900000
23.5102 199.95700000
23.5160 201.24700000
23.5218 203.14700000
23.5276 204.30200000
23.5334 205.22600000
23.5392 205.74800000
23.5450 205.89700000
23.5508 205.15300000
23.5566 203.82800000
23.5624 202.36400000
23.5683 200.68500000
23.5741 198.03400000
23.5799 195.61100000
23.5857 193.56900000
23.5915 191.54200000
23.5973 190.28300000
23.6031 189.25400000
23.6089 188.73600000
23.6147 188.56400000
23.6205 188.84700000
23.6263 189.74500000
23.6321 191.00400000
23.6379 192.73000000
23.6437 195.40900000
23.6495 197.86100000
23.6553 200.26500000
23.6611 202.61500000
23.6669 204.92700000
23.6727 207.69400000
23.6785 209.64200000
23.8527 196.04300000
23.8585 193.63000000
23.8643 194.29400000
23.8701 195.71100000
23.8759 198.33600000
23.8817 200.64300000
23.8875 201.80000000
23.8933 202.15600000
23.8991 201.79700000
23.9049 200.77000000
23.9107 199.30800000
23.9166 198.03700000
23.9224 196.96500000
23.9282 196.38900000
23.9340 195.89900000
23.9398 195.04300000
23.9456 193.85600000
23.9514 193.23500000
23.9572 192.74900000
23.9630 192.25600000
23.9688 192.22700000
23.9746 192.08900000
23.9804 192.03100000
23.9862 192.07700000
23.9920 191.17200000
23.9978 189.67200000
24.0036 186.72900000
24.1023 207.15200000
24.1081 212.01400000
24.1139 214.87300000
24.1197 218.58200000
24.1255 222.91300000
24.1313 225.64900000
24.1371 228.05300000
24.1429 229.83900000
24.1488 230.34900000
24.1546 230.65200000
24.1604 231.34200000
24.1662 231.96500000
24.1720 232.97400000
24.1778 234.37600000
24.1836 236.84100000
24.1894 239.49900000
24.1952 245.02900000
24.2010 250.67800000
24.2068 255.58500000
24.2126 257.94900000
24.2184 260.59700000
24.2242 264.96500000
24.2300 267.23300000
24.2358 269.12600000
24.2416 269.94800000
24.2474 270.35200000
24.2532 271.19300000
24.2590 270.49400000
24.2649 268.95000000
24.2707 264.31400000
24.2765 260.16300000
24.2823 255.31700000
24.2881 254.72800000
24.2939 249.49400000
24.2997 249.61900000
24.4448 250.73300000
24.4506 248.90100000
24.4564 248.99000000
24.4622 243.65000000
24.4680 244.15800000
24.4738 250.19000000
24.4796 250.33500000
24.4854 251.76900000
24.4912 255.06100000
24.4971 258.01100000
24.5029 260.67100000
24.5087 262.65700000
24.5145 264.88500000
24.5203 266.10500000
24.5261 267.47900000
24.5319 268.17800000
24.5377 268.79900000
24.5435 269.07200000
24.5493 269.41600000
24.5551 269.68500000
24.5609 269.91100000
24.5667 269.60000000
24.5725 269.04800000
24.5783 268.11600000
24.5841 267.50200000
24.5899 266.89400000
24.5957 266.22300000
24.6015 265.60500000
24.6073 264.87700000
24.6132 264.12100000
24.6190 263.61800000
24.6248 263.03100000
24.6306 262.58100000
24.6364 262.48000000
24.6422 262.34900000
24.6480 262.30600000
24.6538 262.40300000
24.6596 262.34300000
24.6654 262.29100000
24.6712 262.21000000
24.6770 262.14800000
24.6828 262.13800000
24.6886 262.04200000
24.6944 262.07100000
24.7002 261.88000000
24.7060 261.64700000
24.7118 261.38300000
24.7176 261.08400000
24.7234 261.06300000
24.7293 261.11900000
24.7351 261.27700000
24.7409 261.46700000
24.7467 261.52100000
24.7525 261.59200000
24.7583 261.44800000
24.7641 261.40200000
24.7699 261.31700000
24.7757 261.18700000
24.7815 261.21100000
24.7873 261.33800000
24.7931 261.62000000
24.7989 261.99400000
24.8047 262.30200000
24.8105 262.79600000
24.8163 262.95200000
24.8221 263.13300000
24.8279 263.08600000
24.8337 263.00500000
24.8395 262.99600000
24.8454 263.25400000
24.8512 263.64300000
24.8570 263.64500000
24.8628 263.68800000
24.8686 263.61700000
24.8744 263.30100000
24.8802 263.48300000
24.8860 264.04400000
24.8918 264.54400000
24.8976 265.81800000
24.9034 266.38700000
24.9092 266.42000000
24.9150 265.93100000
24.9208 261.30700000
24.9266 259.81700000
24.9673 298.20300000
24.9731 299.96100000
24.9789 300.92200000
24.9847 301.20000000
24.9905 301.60000000
24.9963 301.26600000
25.0021 300.91800000
25.0079 300.25200000
25.0137 299.43200000
25.0195 298.87700000
25.0253 298.39300000
25.0311 298.56500000
25.0369 298.25700000
25.0427 298.35100000
25.0485 298.59300000
25.0543 299.16900000
25.0601 300.47200000
25.0659 301.31700000
25.0717 301.75500000
25.0776 301.83300000
25.0834 300.92800000
25.0892 299.14100000
25.0950 296.98000000
25.1008 292.88300000
25.1066 287.64200000
25.1124 282.90000000
25.1182 275.14200000
25.1240 266.03100000
25.1298 252.28100000
25.1356 246.66800000
25.1414 237.35100000
25.1472 223.44700000
25.1937 156.25500000
25.1995 159.11500000
25.2053 162.72700000
25.2111 163.54500000
25.2169 163.41900000
25.2227 166.86900000
25.2285 169.88900000
25.2343 171.53700000
25.2401 180.76700000
25.2459 186.21500000
25.2517 189.10500000
25.2575 190.08900000
25.2633 190.78300000
25.2691 191.49100000
25.2749 191.84800000
25.2807 192.52500000
25.2865 192.62100000
25.2923 192.69800000
25.2981 192.83600000
25.3039 192.52700000
25.3098 192.33900000
25.3156 192.22400000
25.3214 192.22100000
25.3272 192.58100000
25.3330 192.87300000
25.3388 193.17400000
25.3446 193.46700000
25.3504 193.84900000
25.3562 194.36200000
25.3620 195.08800000
25.3678 196.17400000
25.3736 197.25700000
25.3794 198.34800000
25.3852 199.28200000
25.3910 200.13300000
25.3968 200.98500000
25.4026 201.61000000
25.4084 201.96400000
25.4142 202.32600000
25.4200 202.03700000
25.4259 200.01500000
25.4317 197.22100000
25.4375 192.99500000
25.5420 193.18500000
25.5478 194.32100000
25.5536 195.05100000
25.5594 195.82300000
25.5652 196.75200000
25.5710 197.79800000
25.5768 198.85400000
25.5826 199.81300000
25.5884 200.60500000
25.5942 200.48400000
25.6000 200.76500000
25.6058 201.09000000
25.6116 200.30800000
25.7509 203.88600000
25.7567 207.32300000
25.7625 208.21600000
25.7683 208.15300000
25.7741 207.60900000
25.7800 206.61900000
25.7858 205.16400000
25.7916 203.14700000
25.7974 200.97900000
25.8032 199.03900000
25.8090 197.31900000
25.8148 194.82600000
25.8206 192.06700000
25.8264 188.84300000
25.8322 186.09600000
25.8380 182.83800000
25.8438 181.36800000
25.8496 180.84800000
25.8554 180.81700000
25.8612 181.54600000
25.8670 182.65200000
25.8728 183.83000000
25.8786 185.58100000
25.8844 187.32600000
25.8902 189.63900000
25.8961 192.26700000
25.9019 194.57800000
25.9077 197.08700000
25.9135 199.46200000
25.9193 201.72900000
25.9251 204.05700000
25.9309 206.11200000
25.9367 207.69100000
25.9425 208.86200000
25.9483 209.38300000
25.9541 209.34800000
25.9599 208.82200000
25.9657 207.95000000
25.9715 205.04200000
25.9773 201.19300000
25.9831 198.82800000
25.9889 197.55100000
25.9947 197.29400000
26.0005 197.38000000
26.0063 197.82100000
26.0122 198.86100000
26.0180 199.58500000
26.0238 200.06100000
26.0296 199.93800000
26.0354 200.51600000
26.0412 198.96500000
26.0470 198.19900000
26.0528 198.35100000
26.0586 198.43400000
26.0644 198.69200000
26.0702 199.27200000
26.0760 199.82000000
26.0818 200.28700000
26.0876 200.67400000
26.0934 200.95600000
26.0992 201.03100000
26.1050 201.12800000
26.1108 202.00600000
26.1166 203.36500000
26.1224 203.49700000
26.1283 203.42900000
26.1341 203.21900000
26.1399 202.79000000
26.1457 202.59900000
26.1515 202.29300000
26.1573 202.19300000
26.1631 202.24500000
26.1689 202.21400000
26.1747 201.82700000
26.1805 201.32100000
26.1863 200.90800000
26.1921 200.25000000
26.1979 199.74400000
26.2037 199.35300000
26.2095 198.87600000
26.2153 198.59600000
26.2211 198.44000000
26.2269 198.54200000
26.2327 198.72500000
26.2385 199.23200000
26.2444 200.09200000
26.2502 201.03200000
26.2560 202.02500000
26.2618 207.55800000
26.2676 210.20200000
26.2734 212.04500000
26.2792 213.41700000
26.2850 213.90300000
26.2908 214.83100000
26.2966 216.91500000
26.3024 218.36400000
26.3082 219.34600000
26.3140 220.06000000
26.3198 220.56400000
26.3256 220.97300000
26.3314 221.35700000
26.3372 222.09700000
26.3430 223.10800000
26.3488 223.83200000
26.3546 224.75300000
26.3605 225.87900000
26.3663 227.22600000
26.3721 229.37200000
26.3779 232.05300000
26.3837 234.79200000
26.3895 238.19500000
26.3953 240.58700000
26.4011 243.29100000
26.4069 245.15900000
26.4127 247.55400000
26.4185 248.93400000
26.4243 249.79800000
26.4301 250.31400000
26.4359 250.56200000
26.4417 250.92900000
26.4475 251.03800000
26.4533 250.97000000
26.4591 250.59600000
26.4649 249.92700000
26.4707 249.26400000
26.4766 248.62100000
26.4824 248.49000000
26.4882 248.28400000
26.4940 248.33400000
26.4998 248.56500000
26.5056 248.77200000
26.5114 249.02300000
26.5172 249.46900000
26.5230 249.73100000
26.5288 250.12600000
26.5346 250.11900000
26.5404 250.30200000
26.5462 250.33600000
26.5520 250.47300000
26.5578 250.84000000
26.5636 250.49900000
26.5694 250.61600000
26.5752 251.07200000
26.5810 251.62600000
26.5868 251.65400000
26.5927 251.29500000
26.5985 250.90600000
26.6043 250.31900000
26.6101 249.74500000
26.6159 249.53300000
26.6217 249.20000000
26.6275 249.12100000
26.6333 249.03000000
26.6391 249.02100000
26.6449 249.17300000
26.6507 249.26800000
26.6565 249.31300000
26.6623 249.47000000
26.6681 249.42900000
26.6739 249.23400000
26.6797 248.94100000
26.6855 248.12300000
26.6913 247.65100000
26.6971 247.18600000
26.7029 246.83500000
26.7088 246.43300000
26.7146 245.85300000
26.7204 245.35600000
26.7262 245.00600000
26.7320 244.89200000
26.7378 244.96600000
26.7436 245.13200000
26.7494 245.22300000
26.7552 245.43100000
26.7610 245.56000000
26.7668 246.02900000
26.7726 246.58300000
26.7784 247.65400000
26.7842 248.58400000
26.7900 249.14600000
26.7958 249.04800000
26.8016 247.68800000
26.9293 247.83400000
26.9351 248.39500000
26.9410 248.95600000
26.9468 249.50600000
26.9526 249.87500000
26.9584 250.00800000
26.9642 250.07000000
26.9700 249.91300000
26.9758 250.00200000
26.9816 250.05200000
26.9874 249.96900000
26.9932 250.03300000
26.9990 249.96900000
27.0048 249.87900000
27.0106 249.84300000
27.0164 249.83200000
27.0222 249.61300000
27.0280 249.36800000
27.0338 249.21400000
27.0396 248.84000000
27.0454 248.68400000
27.0512 248.53600000
27.0571 248.83100000
27.0629 247.63800000
27.0687 248.28900000
27.0745 248.14900000
27.0803 247.62600000
27.0861 247.53400000
27.0919 246.70500000
27.0977 246.14300000
27.1035 245.73800000
27.1093 245.52000000
27.1151 245.54500000
27.1209 245.92400000
27.1267 246.23900000
27.1325 246.97200000
27.1383 247.26400000
27.1441 247.69600000
27.1499 247.99400000
27.1557 247.94400000
27.1615 247.88200000
27.1673 247.46000000
27.1732 246.75800000
27.1790 245.97100000
27.1848 245.03600000
27.1906 244.37700000
27.1964 243.61000000
27.2022 243.20200000
27.2080 242.89600000
27.2138 242.69600000
27.2196 242.70800000
27.2254 242.72000000
27.2312 242.89800000
27.2370 242.63500000
27.2428 243.22000000
27.2486 243.93000000
27.2544 244.95500000
27.2602 245.44800000
27.2660 244.76600000
27.2718 243.26900000
27.2776 241.85100000
27.2834 240.29600000
27.2893 237.70900000
27.2951 235.98000000
27.3009 234.28900000
27.3067 231.68800000
27.3125 229.40000000
27.3183 225.80900000
27.3241 221.00900000
27.3299 218.43300000
27.3357 216.06300000
27.3415 213.61000000
27.3473 211.45500000
27.3531 210.86100000
27.3589 210.10900000
27.3647 210.37800000
27.3705 210.88400000
27.3763 211.98200000
27.3821 214.82000000
27.3879 217.27400000
27.3937 220.19700000
27.3995 224.12400000
27.4054 226.72100000
27.4112 229.27900000
27.4170 232.36700000
27.4228 235.38500000
27.4286 239.13900000
27.4344 241.29800000
27.4402 246.02300000
27.4460 249.13400000
27.4518 251.81900000
27.4576 253.61200000
27.4634 253.98400000
27.4692 254.54400000
27.4750 253.97300000
27.4808 254.10600000
27.4866 254.36700000
27.4924 253.52500000
27.4982 253.44000000
27.5040 253.50700000
27.5098 253.13000000
27.5156 253.66800000
27.5215 253.74200000
27.5273 253.50900000
27.5331 253.34900000
27.5389 253.03400000
27.5447 252.92500000
27.5505 252.61400000
27.5563 252.24400000
27.5621 251.82200000
27.5679 251.35200000
27.5737 250.93200000
27.5795 250.51700000
27.6376 217.47200000
27.6434 217.34700000
27.6492 218.23300000
27.6550 218.12600000
27.6608 219.26500000
27.6666 223.28500000
27.6724 224.96500000
27.6782 226.15600000
27.6840 227.12400000
27.6898 227.61500000
27.6956 227.95300000
27.7014 227.43600000
27.7072 227.31300000
27.7130 227.12000000
27.7188 223.99900000
27.8930 187.11300000
27.8988 187.91300000
27.9046 192.60800000
27.9104 195.07800000
27.9162 195.85000000
27.9220 197.02800000
27.9278 197.46100000
27.9336 197.30900000
27.9394 197.07000000
27.9452 196.81100000
27.9510 196.91800000
27.9568 197.18700000
27.9626 197.28700000
27.9684 196.88400000
27.9742 196.14300000
27.9800 195.44300000
27.9859 195.03900000
27.9917 194.53000000
27.9975 194.15600000
28.0033 193.92500000
28.0091 193.57300000
28.0149 193.74200000
28.0207 193.95000000
28.0265 194.31600000
28.0323 194.66000000
28.0381 195.08000000
28.0439 195.58600000
28.0497 196.01300000
28.0555 196.75900000
28.0613 197.23300000
28.0671 197.67300000
28.0729 197.91300000
28.0787 197.77100000
28.0845 197.30900000
28.0903 196.30700000
28.0961 195.02200000
28.1020 193.41100000
28.1078 192.25500000
28.1136 191.69700000
28.1194 191.53300000
28.1252 191.86300000
28.1310 191.69100000
28.1368 191.60500000
28.1426 191.48400000
28.1484 190.54600000
28.1542 190.04200000
28.1600 189.92100000
28.1658 191.49900000
28.1716 193.30300000
28.1774 195.61100000
28.1832 197.65700000
28.1890 200.91200000
28.1948 203.85100000
28.2006 205.65300000
28.2064 207.65300000
28.2122 209.71700000
28.2180 210.71000000
28.2239 211.52100000
28.2297 212.72900000
28.2355 213.61000000
28.2413 214.41600000
28.4677 198.26900000
28.4735 199.33600000
28.4793 199.88800000
28.4851 202.61300000
28.4909 204.62700000
28.4967 206.59600000
28.5025 207.75500000
28.5083 208.34500000
28.5141 208.78200000
28.5199 208.66200000
28.5257 208.64900000
28.5315 208.44300000
28.5373 208.44100000
28.5431 208.68400000
28.5489 208.83300000
28.5547 209.98900000
28.5605 210.89900000
28.5663 211.84600000
28.5722 213.15000000
28.5780 214.66800000
28.5838 215.66400000
28.5896 216.58400000
28.5954 217.17200000
28.6012 217.18400000
28.6070 217.19400000
28.6128 217.56200000
28.6186 218.15200000
28.6244 219.51500000
28.6302 220.35700000
28.6360 220.83800000
28.6418 221.08600000
28.6476 221.29400000
28.6534 221.78900000
28.6592 222.05800000
28.6650 222.38900000
28.6708 222.50600000
28.6766 222.42900000
28.6824 222.67100000
28.6883 222.68000000
28.6941 222.56800000
28.6999 222.15400000
28.7057 221.52700000
28.7115 221.26000000
28.7173 220.79500000
28.7231 220.20400000
28.7289 219.41400000
28.7347 218.42300000
28.7405 218.67300000
28.7463 217.71600000
28.7521 217.12900000
28.7579 216.82100000
28.7637 216.43700000
28.7695 216.18300000
28.7753 216.09700000
28.7811 215.86600000
28.7869 215.54600000
28.7927 214.86400000
28.7985 214.32700000
28.8044 214.25200000
28.8102 214.01300000
28.8160 214.33400000
28.8218 214.63500000
28.8276 214.65300000
28.8334 215.10600000
28.8392 215.25300000
28.8450 215.44900000
28.8508 215.98000000
28.8566 216.31400000
28.8624 217.48400000
28.8682 218.70000000
28.8740 219.76500000
28.8798 220.71600000
28.8856 221.55300000
28.8914 221.94800000
28.8972 221.95000000
28.9030 222.60200000
28.9088 223.36900000
28.9146 223.96800000
28.9205 224.75400000
28.9263 225.25700000
28.9321 225.16500000
28.9379 223.82100000
28.9437 220.87900000
28.9495 218.98500000
29.2455 272.55000000
29.2513 272.42700000
29.2571 271.15100000
29.2629 270.65300000
29.2688 270.23200000
29.2746 269.24500000
29.2804 268.04100000
29.2862 266.65500000
29.2920 265.19400000
29.2978 263.77800000
29.3036 262.38900000
29.3094 261.30500000
29.3152 260.47600000
29.3210 259.62200000
29.3268 258.41800000
29.3326 257.15700000
29.3384 255.67500000
29.3442 253.71800000
29.3500 252.02800000
29.3558 251.06700000
29.3616 250.40200000
29.3674 249.80600000
29.3732 249.14400000
29.3790 248.44300000
29.3849 247.90200000
29.3907 248.13700000
29.3965 251.83700000
29.4023 255.61300000
29.4081 256.62500000
29.4139 256.52400000
29.4197 256.30300000
29.4255 257.62700000
29.5184 232.22000000
29.5242 233.73500000
29.5300 234.62100000
29.5358 235.15300000
29.5416 235.54700000
29.5474 235.99400000
29.5532 236.65200000
29.5590 236.67100000
29.5648 236.66700000
29.5706 236.75600000
29.5764 236.82600000
29.5822 236.90400000
29.5880 237.16100000
29.5938 237.56000000
29.5996 237.86600000
29.6054 238.06900000
29.6112 238.19900000
29.6171 238.16900000
29.6229 237.77900000
29.6287 237.46800000
29.6345 237.13100000
29.6403 236.71900000
29.6461 236.75700000
29.6519 236.73600000
29.6577 235.99000000
29.6635 235.76100000
29.6693 235.39200000
29.6751 235.12200000
29.6809 234.65700000
29.6867 233.64300000
29.6925 232.43800000
29.6983 230.40300000
29.7041 228.90700000
29.7099 228.02000000
29.7157 228.44700000
29.7215 228.59300000
29.7273 228.38300000
29.7332 228.02300000
29.7390 227.76600000
29.7448 227.55700000
29.7506 227.44500000
29.7564 227.45800000
29.7622 227.29000000
29.7680 227.01800000
29.7738 226.78400000
29.7796 226.28500000
29.7854 226.28000000
29.7912 226.48500000
29.7970 226.48900000
29.8028 226.45000000
29.8086 226.69600000
29.8144 226.88600000
29.8202 226.53200000
29.8260 226.43700000
29.8318 226.66500000
29.8376 227.12900000
29.8434 227.78500000
29.8493 228.49700000
29.8551 229.05300000
29.8609 229.50600000
29.8667 230.17100000
29.8725 231.27300000
29.8783 231.32300000
30.0582 164.28500000
30.0640 166.08800000
30.0698 167.90300000
30.0756 169.37400000
30.0815 171.09300000
30.0873 172.49700000
30.0931 174.04800000
30.0989 175.30900000
30.1047 177.72900000
30.1105 179.35300000
30.1163 180.33600000
30.1221 181.73300000
30.1279 183.36800000
30.1337 185.07700000
30.1395 187.19500000
30.1453 188.98600000
30.1511 190.33400000
30.1569 191.33300000
30.1627 192.55600000
30.1685 193.27600000
30.1743 194.18900000
30.1801 194.90600000
30.1859 195.38000000
30.1917 195.90200000
30.1976 196.64700000
30.2034 197.17400000
30.2092 198.24800000
30.2150 199.64300000
30.2208 200.66400000
30.2266 200.99600000
30.2324 200.95800000
30.2382 200.61300000
30.2440 200.23500000
30.2498 199.14900000
30.2556 198.39600000
30.2614 195.86900000
30.3253 192.17900000
30.3311 190.94800000
30.3369 190.27500000
30.3427 189.52200000
30.3485 188.80600000
30.3543 188.96200000
30.3601 189.41200000
30.3659 190.12900000
30.3717 190.96300000
30.3775 192.28800000
30.3833 195.38000000
30.3891 197.46600000
30.3949 198.97700000
30.4007 199.56200000
30.4065 199.52700000
30.4123 199.09400000
30.4181 198.61400000
30.4239 197.95700000
30.4298 197.29800000
30.4356 196.40500000
30.4414 195.52800000
30.4472 194.84800000
30.4530 193.86900000
30.4588 193.28500000
30.4646 192.82800000
30.4704 192.25400000
30.4762 191.88100000
30.4820 191.49700000
30.4878 190.56800000
30.4936 190.37000000
30.4994 190.53900000
30.5052 191.14900000
30.5110 192.13200000
30.5168 193.09200000
30.5226 194.33700000
30.5284 195.72700000
30.5342 197.14200000
30.5400 197.73400000
30.5459 198.15900000
30.5517 198.23600000
30.5575 198.17500000
30.5633 198.12400000
30.5691 198.03600000
30.5749 197.76800000
30.5807 197.51200000
30.5865 197.31300000
30.5923 196.57100000
30.5981 195.55000000
30.6039 194.58000000
30.6097 193.70900000
30.6155 192.70600000
30.6213 191.98900000
30.6271 190.87000000
30.6329 190.23600000
30.6387 189.86800000
30.6445 189.57000000
30.6503 189.70700000
30.6561 190.00900000
30.6620 190.83600000
30.6678 191.81700000
30.6736 192.81600000
30.6794 194.19100000
30.6852 195.18000000
30.6910 195.88500000
30.6968 197.11500000
30.7026 198.85700000
30.7084 200.14500000
30.7142 201.76400000
30.7200 203.28900000
30.7258 204.37100000
30.7316 204.84200000
30.7374 204.79000000
30.7432 203.94900000
30.7490 202.89100000
30.7548 200.95000000
30.7606 197.58400000
30.7664 195.26200000
30.7722 191.98200000
30.7780 188.80600000
30.7839 186.99800000
